% x                      
0.0                      0.07671943               
0.01                     0.07666846               
0.02                     0.07661143               
0.03                     0.07655533               
0.04                     0.07649986               
0.05                     0.07644494               
0.06                     0.07639059               
0.07                     0.07633687               
0.08                     0.076283775              
0.09                     0.07623131               
0.1                      0.07617944               
0.11                     0.07612817               
0.12                     0.07607748               
0.13                     0.07602736               
0.14                     0.07597782               
0.15                     0.07592882               
0.16                     0.07588034               
0.17                     0.07583241               
0.18                     0.07578499               
0.19                     0.07573806               
0.2                      0.07569164               
0.21                     0.07564571               
0.22                     0.075600244              
0.23                     0.07555525               
0.24                     0.07551071               
0.25                     0.075466625              
0.26                     0.07542297               
0.27                     0.07537975               
0.28                     0.07533695               
0.29                     0.075294554              
0.3                      0.075252555              
0.31                     0.07521095               
0.32                     0.07516972               
0.33                     0.07512888               
0.34                     0.07508841               
0.35                     0.075048305              
0.36                     0.07500855               
0.37                     0.07496914               
0.38                     0.074930064              
0.39                     0.074891314              
0.4                      0.0748529                
0.41                     0.07481482               
0.42                     0.07477706               
0.43                     0.074739605              
0.44                     0.07470245               
0.45                     0.07466559               
0.46                     0.07462902               
0.47                     0.07459274               
0.48                     0.074556746              
0.49                     0.07452103               
0.5                      0.07448558               
0.51                     0.07445039               
0.52                     0.07441546               
0.53                     0.07438078               
0.54                     0.07434635               
0.55                     0.074312165              
0.56                     0.074278235              
0.57                     0.07424455               
0.58                     0.07421109               
0.59                     0.07417787               
0.6                      0.07414486               
0.61                     0.07411208               
0.62                     0.07407951               
0.63                     0.07404717               
0.64                     0.074015036              
0.65                     0.07398312               
0.66                     0.07395139               
0.67                     0.07391987               
0.68                     0.07388855               
0.69                     0.07385741               
0.7                      0.07382646               
0.71                     0.07379571               
0.72                     0.073765144              
0.73                     0.07373475               
0.74                     0.07370454               
0.75                     0.07367451               
0.76                     0.073644646              
0.77                     0.073614955              
0.78                     0.073585436              
0.79                     0.07355608               
0.8                      0.07352689               
0.81                     0.07349786               
0.82                     0.07346899               
0.83                     0.07344028               
0.84                     0.07341173               
0.85                     0.07338333               
0.86                     0.07335508               
0.87                     0.073326975              
0.88                     0.07329902               
0.89                     0.073271215              
0.9                      0.07324355               
0.91                     0.07321603               
0.92                     0.07318865               
0.93                     0.0731614                
0.94                     0.07313429               
0.95                     0.07310732               
0.96                     0.07308047               
0.97                     0.073053755              
0.98                     0.07302717               
0.99                     0.073000714              
1.0                      0.072974384              
1.01                     0.07294817               
1.02                     0.07292209               
1.03                     0.07289612               
1.04                     0.07287027               
1.05                     0.07284454               
1.06                     0.07281893               
1.07                     0.07279343               
1.08                     0.07276804               
1.09                     0.07274277               
1.1                      0.0727176                
1.11                     0.07269255               
1.12                     0.0726676                
1.13                     0.07264276               
1.14                     0.07261802               
1.15                     0.07259339               
1.16                     0.072568856              
1.17                     0.07254443               
1.18                     0.07252011               
1.19                     0.07249588               
1.2                      0.072471745              
1.21                     0.07244772               
1.22                     0.07242378               
1.23                     0.07239994               
1.24                     0.072376184              
1.25                     0.07235253               
1.26                     0.07232896               
1.27                     0.072305486              
1.28                     0.0722821                
1.29                     0.0722588                
1.3                      0.07223559               
1.31                     0.07221247               
1.32                     0.072189435              
1.33                     0.07216649               
1.34                     0.07214362               
1.35                     0.072120845              
1.36                     0.07209814               
1.37                     0.07207553               
1.38                     0.07205299               
1.39                     0.07203054               
1.4                      0.072008155              
1.41                     0.071985856              
1.42                     0.07196364               
1.43                     0.071941495              
1.44                     0.07191943               
1.45                     0.07189744               
1.46                     0.07187552               
1.47                     0.07185368               
1.48                     0.07183191               
1.49                     0.07181022               
1.5                      0.0717886                
1.51                     0.071767054              
1.52                     0.07174558               
1.53                     0.07172417               
1.54                     0.07170283               
1.55                     0.07168156               
1.56                     0.07166036               
1.57                     0.071639225              
1.58                     0.07161816               
1.59                     0.07159717               
1.6                      0.07157623               
1.61                     0.07155537               
1.62                     0.07153457               
1.63                     0.07151383               
1.64                     0.071493156              
1.65                     0.07147255               
1.66                     0.07145201               
1.67                     0.071431525              
1.68                     0.0714111                
1.69                     0.07139075               
1.7                      0.071370445              
1.71                     0.07135021               
1.72                     0.071330026              
1.73                     0.07130991               
1.74                     0.071289845              
1.75                     0.07126985               
1.76                     0.0712499                
1.77                     0.07123002               
1.78                     0.07121019               
1.79                     0.07119042               
1.8                      0.0711707                
1.81                     0.07115104               
1.82                     0.07113144               
1.83                     0.07111189               
1.84                     0.0710924                
1.85                     0.07107295               
1.86                     0.071053565              
1.87                     0.07103423               
1.88                     0.07101495               
1.89                     0.07099572               
1.9                      0.07097655               
1.91                     0.07095742               
1.92                     0.07093835               
1.93                     0.07091932               
1.94                     0.07090035               
1.95                     0.070881434              
1.96                     0.07086256               
1.97                     0.07084374               
1.98                     0.070824966              
1.99                     0.07080624               
2.0                      0.070787564              
2.01                     0.07076894               
2.02                     0.070750356              
2.03                     0.070731826              
2.04                     0.07071334               
2.05                     0.0706949                
2.06                     0.07067651               
2.07                     0.07065816               
2.08                     0.07063986               
2.09                     0.07062161               
2.1                      0.0706034                
2.11                     0.07058524               
2.12                     0.07056712               
2.13                     0.07054905               
2.14                     0.07053102               
2.15                     0.07051303               
2.16                     0.070495084              
2.17                     0.07047719               
2.18                     0.07045933               
2.19                     0.070441514              
2.2                      0.070423745              
2.21                     0.07040601               
2.22                     0.07038833               
2.23                     0.07037068               
2.24                     0.07035308               
2.25                     0.070335515              
2.26                     0.070318                 
2.27                     0.07030051               
2.28                     0.07028308               
2.29                     0.07026567               
2.3                      0.07024831               
2.31                     0.07023099               
2.32                     0.07021371               
2.33                     0.07019647               
2.34                     0.07017927               
2.35                     0.0701621                
2.36                     0.07014497               
2.37                     0.07012789               
2.38                     0.07011084               
2.39                     0.07009383               
2.4                      0.07007686               
2.41                     0.07005992               
2.42                     0.07004302               
2.43                     0.07002616               
2.44                     0.070009336              
2.45                     0.06999255               
2.46                     0.0699758                
2.47                     0.06995908               
2.48                     0.06994241               
2.49                     0.06992576               
2.5                      0.069909155              
2.51                     0.06989258               
2.52                     0.069876045              
2.53                     0.06985954               
2.54                     0.069843076              
2.55                     0.06982665               
2.56                     0.06981025               
2.57                     0.06979388               
2.58                     0.069777556              
2.59                     0.06976126               
2.6                      0.069745                 
2.61                     0.06972877               
2.62                     0.06971258               
2.63                     0.06969642               
2.64                     0.06968029               
2.65                     0.069664195              
2.66                     0.06964813               
2.67                     0.069632106              
2.68                     0.06961611               
2.69                     0.06960014               
2.7                      0.06958421               
2.71                     0.06956831               
2.72                     0.069552444              
2.73                     0.069536604              
2.74                     0.069520794              
2.75                     0.06950502               
2.76                     0.06948928               
2.77                     0.069473565              
2.78                     0.06945788               
2.79                     0.06944223               
2.8                      0.06942661               
2.81                     0.06941102               
2.82                     0.06939545               
2.83                     0.069379926              
2.84                     0.06936442               
2.85                     0.069348946              
2.86                     0.06933351               
2.87                     0.06931809               
2.88                     0.06930271               
2.89                     0.06928736               
2.9                      0.069272034              
2.91                     0.06925674               
2.92                     0.06924147               
2.93                     0.069226235              
2.94                     0.06921103               
2.95                     0.069195844              
2.96                     0.0691807                
2.97                     0.06916557               
2.98                     0.06915048               
2.99                     0.069135405              
3.0                      0.06912037               
3.01                     0.06910536               
3.02                     0.06909037               
3.03                     0.06907541               
3.04                     0.06906048               
3.05                     0.06904557               
3.06                     0.0690307                
3.07                     0.069015846              
3.08                     0.06900103               
3.09                     0.06898623               
3.1                      0.068971455              
3.11                     0.06895672               
3.12                     0.068941996              
3.13                     0.0689273                
3.14                     0.06891264               
3.15                     0.068898                 
3.16                     0.06888338               
3.17                     0.06886879               
3.18                     0.068854235              
3.19                     0.0688397                
3.2                      0.068825185              
3.21                     0.0688107                
3.22                     0.06879624               
3.23                     0.0687818                
3.24                     0.06876739               
3.25                     0.068753004              
3.26                     0.06873865               
3.27                     0.06872431               
3.28                     0.06871                  
3.29                     0.06869571               
3.3                      0.06868145               
3.31                     0.06866721               
3.32                     0.068652995              
3.33                     0.0686388                
3.34                     0.06862464               
3.35                     0.0686105                
3.36                     0.06859638               
3.37                     0.06858228               
3.38                     0.068568215              
3.39                     0.06855416               
3.4                      0.06854014               
3.41                     0.06852614               
3.42                     0.068512164              
3.43                     0.06849821               
3.44                     0.068484284              
3.45                     0.068470374              
3.46                     0.06845649               
3.47                     0.06844263               
3.48                     0.06842879               
3.49                     0.06841498               
3.5                      0.06840118               
3.51                     0.06838741               
3.52                     0.068373665              
3.53                     0.068359934              
3.54                     0.06834623               
3.55                     0.06833255               
3.56                     0.06831889               
3.57                     0.068305254              
3.58                     0.06829164               
3.59                     0.068278044              
3.6                      0.06826448               
3.61                     0.068250924              
3.62                     0.0682374                
3.63                     0.06822389               
3.64                     0.06821041               
3.65                     0.068196945              
3.66                     0.068183504              
3.67                     0.068170086              
3.68                     0.06815669               
3.69                     0.068143316              
3.7                      0.06812996               
3.71                     0.06811663               
3.72                     0.06810331               
3.73                     0.06809002               
3.74                     0.06807675               
3.75                     0.068063505              
3.76                     0.06805028               
3.77                     0.06803707               
3.78                     0.06802388               
3.79                     0.06801071               
3.8                      0.06799757               
3.81                     0.06798444               
3.82                     0.067971334              
3.83                     0.06795824               
3.84                     0.067945175              
3.85                     0.06793213               
3.86                     0.067919105              
3.87                     0.0679061                
3.88                     0.06789312               
3.89                     0.067880146              
3.9                      0.067867205              
3.91                     0.06785428               
3.92                     0.06784137               
3.93                     0.067828484              
3.94                     0.06781562               
3.95                     0.06780277               
3.96                     0.06778994               
3.97                     0.067777134              
3.98                     0.06776434               
3.99                     0.06775158               
4.0                      0.06773882               
4.01                     0.0677261                
4.02                     0.06771339               
4.03                     0.06770069               
4.04                     0.06768802               
4.05                     0.06767537               
4.06                     0.06766273               
4.07                     0.06765012               
4.08                     0.06763752               
4.09                     0.06762494               
4.1                      0.06761238               
4.11                     0.06759983               
4.12                     0.06758731               
4.13                     0.06757481               
4.14                     0.06756232               
4.15                     0.067549855              
4.16                     0.067537405              
4.17                     0.06752497               
4.18                     0.06751256               
4.19                     0.06750016               
4.2                      0.067487784              
4.21                     0.06747542               
4.22                     0.067463085              
4.23                     0.06745076               
4.24                     0.06743845               
4.25                     0.06742617               
4.26                     0.0674139                
4.27                     0.06740165               
4.28                     0.06738941               
4.29                     0.0673772                
4.3                      0.067365                 
4.31                     0.067352824              
4.32                     0.06734066               
4.33                     0.06732851               
4.34                     0.06731638               
4.35                     0.067304276              
4.36                     0.067292176              
4.37                     0.067280106              
4.38                     0.067268044              
4.39                     0.067256                 
4.4                      0.06724398               
4.41                     0.06723197               
4.42                     0.06721998               
4.43                     0.06720801               
4.44                     0.06719605               
4.45                     0.067184106              
4.46                     0.067172185              
4.47                     0.06716028               
4.48                     0.06714839               
4.49                     0.06713652               
4.5                      0.06712466               
4.51                     0.06711282               
4.52                     0.067101                 
4.53                     0.06708919               
4.54                     0.067077406              
4.55                     0.06706563               
4.56                     0.06705387               
4.57                     0.067042135              
4.58                     0.06703041               
4.59                     0.0670187                
4.6                      0.067007005              
4.61                     0.06699533               
4.62                     0.06698368               
4.63                     0.06697203               
4.64                     0.0669604                
4.65                     0.066948794              
4.66                     0.0669372                
4.67                     0.06692562               
4.68                     0.06691406               
4.69                     0.06690251               
4.7                      0.06689098               
4.71                     0.06687946               
4.72                     0.06686796               
4.73                     0.06685648               
4.74                     0.06684501               
4.75                     0.066833556              
4.76                     0.06682212               
4.77                     0.0668107                
4.78                     0.06679929               
4.79                     0.0667879                
4.8                      0.06677652               
4.81                     0.06676517               
4.82                     0.06675382               
4.83                     0.06674249               
4.84                     0.06673118               
4.85                     0.066719875              
4.86                     0.066708595              
4.87                     0.06669732               
4.88                     0.06668607               
4.89                     0.06667483               
4.9                      0.06666361               
4.91                     0.0666524                
4.92                     0.066641204              
4.93                     0.06663003               
4.94                     0.06661887               
4.95                     0.06660772               
4.96                     0.06659658               
4.97                     0.066585466              
4.98                     0.066574365              
4.99                     0.06656327               
5.0                      0.0665522                
5.01                     0.06654114               
5.02                     0.06653009               
5.03                     0.06651907               
5.04                     0.06650805               
5.05                     0.06649705               
5.06                     0.06648606               
5.07                     0.066475086              
5.08                     0.06646413               
5.09                     0.06645319               
5.1                      0.06644226               
5.11                     0.06643134               
5.12                     0.06642044               
5.13                     0.06640956               
5.14                     0.06639869               
5.15                     0.06638783               
5.16                     0.06637699               
5.17                     0.066366166              
5.18                     0.06635535               
5.19                     0.06634455               
5.2                      0.06633376               
5.21                     0.06632299               
5.22                     0.06631223               
5.23                     0.06630149               
5.24                     0.06629076               
5.25                     0.066280045              
5.26                     0.066269346              
5.27                     0.066258654              
5.28                     0.066247985              
5.29                     0.06623732               
5.3                      0.066226676              
5.31                     0.06621604               
5.32                     0.06620542               
5.33                     0.06619482               
5.34                     0.06618422               
5.35                     0.06617364               
5.36                     0.06616308               
5.37                     0.06615253               
5.38                     0.066141985              
5.39                     0.066131465              
5.4                      0.06612095               
5.41                     0.066110454              
5.42                     0.06609997               
5.43                     0.0660895                
5.44                     0.06607904               
5.45                     0.066068605              
5.46                     0.066058174              
5.47                     0.06604776               
5.48                     0.06603735               
5.49                     0.06602696               
5.5                      0.066016585              
5.51                     0.06600622               
5.52                     0.06599587               
5.53                     0.06598553               
5.54                     0.06597521               
5.55                     0.0659649                
5.56                     0.0659546                
5.57                     0.065944314              
5.58                     0.06593405               
5.59                     0.06592379               
5.6                      0.06591354               
5.61                     0.06590331               
5.62                     0.06589309               
5.63                     0.065882884              
5.64                     0.06587269               
5.65                     0.065862514              
5.66                     0.065852344              
5.67                     0.06584219               
5.68                     0.06583205               
5.69                     0.06582192               
5.7                      0.065811805              
5.71                     0.0658017                
5.72                     0.065791614              
5.73                     0.06578154               
5.74                     0.065771475              
5.75                     0.065761425              
5.76                     0.06575138               
5.77                     0.06574136               
5.78                     0.06573135               
5.79                     0.06572135               
5.8                      0.06571136               
5.81                     0.06570138               
5.82                     0.06569142               
5.83                     0.06568147               
5.84                     0.06567153               
5.85                     0.06566161               
5.86                     0.0656517                
5.87                     0.0656418                
5.88                     0.0656319                
5.89                     0.065622024              
5.9                      0.06561216               
5.91                     0.0656023                
5.92                     0.06559246               
5.93                     0.06558263               
5.94                     0.06557281               
5.95                     0.06556301               
5.96                     0.06555322               
5.97                     0.065543436              
5.98                     0.06553367               
5.99                     0.06552391               
6.0                      0.06551416               
6.01                     0.06550443               
6.02                     0.06549471               
6.03                     0.065485                 
6.04                     0.06547531               
6.05                     0.06546562               
6.06                     0.06545595               
6.07                     0.06544629               
6.08                     0.06543664               
6.09                     0.065427005              
6.1                      0.06541738               
6.11                     0.06540776               
6.12                     0.065398164              
6.13                     0.065388575              
6.14                     0.065378994              
6.15                     0.06536943               
6.16                     0.065359876              
6.17                     0.06535033               
6.18                     0.0653408                
6.19                     0.06533128               
6.2                      0.06532177               
6.21                     0.065312274              
6.22                     0.0653028                
6.23                     0.06529332               
6.24                     0.06528386               
6.25                     0.06527441               
6.26                     0.06526497               
6.27                     0.065255545              
6.28                     0.065246135              
6.29                     0.065236725              
6.3                      0.06522734               
6.31                     0.06521796               
6.32                     0.06520859               
6.33                     0.06519923               
6.34                     0.06518988               
6.35                     0.065180555              
6.36                     0.06517123               
6.37                     0.06516192               
6.38                     0.065152615              
6.39                     0.06514333               
6.4                      0.06513405               
6.41                     0.06512479               
6.42                     0.065115534              
6.43                     0.06510629               
6.44                     0.06509706               
6.45                     0.06508783               
6.46                     0.06507862               
6.47                     0.06506942               
6.48                     0.065060236              
6.49                     0.06505106               
6.5                      0.065041885              
6.51                     0.06503273               
6.52                     0.065023586              
6.53                     0.065014444              
6.54                     0.065005325              
6.55                     0.06499621               
6.56                     0.06498711               
6.57                     0.06497802               
6.58                     0.064968936              
6.59                     0.06495986               
6.6                      0.06495081               
6.61                     0.06494176               
6.62                     0.06493272               
6.63                     0.06492369               
6.64                     0.06491467               
6.65                     0.06490567               
6.66                     0.06489667               
6.67                     0.064887695              
6.68                     0.06487872               
6.69                     0.064869754              
6.7                      0.064860806              
6.71                     0.064851865              
6.72                     0.06484293               
6.73                     0.06483401               
6.74                     0.0648251                
6.75                     0.06481621               
6.76                     0.06480732               
6.77                     0.06479844               
6.78                     0.06478957               
6.79                     0.06478071               
6.8                      0.06477187               
6.81                     0.06476303               
6.82                     0.06475421               
6.83                     0.06474539               
6.84                     0.06473659               
6.85                     0.06472779               
6.86                     0.064719014              
6.87                     0.06471024               
6.88                     0.064701475              
6.89                     0.06469272               
6.9                      0.06468398               
6.91                     0.06467525               
6.92                     0.064666525              
6.93                     0.064657815              
6.94                     0.06464911               
6.95                     0.064640425              
6.96                     0.06463174               
6.97                     0.06462307               
6.98                     0.06461441               
6.99                     0.06460576               
7.0                      0.06459712               
7.01                     0.064588495              
7.02                     0.064579874              
7.03                     0.06457126               
7.04                     0.06456266               
7.05                     0.06455407               
7.06                     0.0645455                
7.07                     0.06453692               
7.08                     0.06452836               
7.09                     0.06451981               
7.1                      0.06451127               
7.11                     0.06450274               
7.12                     0.064494215              
7.13                     0.06448571               
7.14                     0.064477205              
7.15                     0.06446871               
7.16                     0.06446023               
7.17                     0.06445176               
7.18                     0.0644433                
7.19                     0.06443484               
7.2                      0.0644264                
7.21                     0.064417966              
7.22                     0.06440955               
7.23                     0.064401135              
7.24                     0.06439273               
7.25                     0.064384334              
7.26                     0.06437595               
7.27                     0.06436758               
7.28                     0.06435921               
7.29                     0.06435085               
7.3                      0.064342506              
7.31                     0.06433417               
7.32                     0.06432585               
7.33                     0.064317524              
7.34                     0.06430922               
7.35                     0.064300925              
7.36                     0.06429263               
7.37                     0.064284354              
7.38                     0.064276084              
7.39                     0.06426782               
7.4                      0.064259574              
7.41                     0.06425133               
7.42                     0.0642431                
7.43                     0.064234875              
7.44                     0.064226665              
7.45                     0.06421846               
7.46                     0.064210266              
7.47                     0.06420208               
7.48                     0.064193904              
7.49                     0.06418574               
7.5                      0.06417758               
7.51                     0.06416943               
7.52                     0.06416129               
7.53                     0.064153165              
7.54                     0.06414504               
7.55                     0.06413693               
7.56                     0.06412883               
7.57                     0.06412073               
7.58                     0.06411265               
7.59                     0.06410458               
7.6                      0.06409651               
7.61                     0.06408846               
7.62                     0.06408041               
7.63                     0.06407237               
7.64                     0.064064346              
7.65                     0.06405632               
7.66                     0.06404831               
7.67                     0.06404031               
7.68                     0.064032316              
7.69                     0.06402433               
7.7                      0.06401636               
7.71                     0.06400839               
7.72                     0.064000435              
7.73                     0.063992485              
7.74                     0.06398454               
7.75                     0.063976616              
7.76                     0.063968696              
7.77                     0.06396078               
7.78                     0.06395288               
7.79                     0.06394498               
7.8                      0.0639371                
7.81                     0.063929215              
7.82                     0.06392135               
7.83                     0.06391349               
7.84                     0.06390564               
7.85                     0.063897796              
7.86                     0.063889965              
7.87                     0.063882135              
7.88                     0.06387432               
7.89                     0.06386651               
7.9                      0.06385872               
7.91                     0.063850924              
7.92                     0.063843146              
7.93                     0.063835375              
7.94                     0.063827604              
7.95                     0.063819855              
7.96                     0.06381211               
7.97                     0.063804366              
7.98                     0.06379664               
7.99                     0.06378891               
8.0                      0.0637812                
8.01                     0.0637735                
8.02                     0.0637658                
8.03                     0.06375812               
8.04                     0.06375044               
8.05                     0.06374277               
8.06                     0.063735105              
8.07                     0.06372745               
8.08                     0.06371981               
8.09                     0.06371217               
8.1                      0.06370454               
8.11                     0.06369693               
8.12                     0.063689314              
8.13                     0.063681714              
8.14                     0.06367412               
8.15                     0.06366654               
8.16                     0.06365896               
8.17                     0.06365139               
8.18                     0.06364383               
8.19                     0.06363627               
8.2                      0.06362873               
8.21                     0.06362119               
8.22                     0.06361367               
8.23                     0.06360615               
8.24                     0.06359864               
8.25                     0.06359114               
8.26                     0.06358364               
8.27                     0.063576154              
8.28                     0.063568674              
8.29                     0.0635612                
8.3                      0.06355374               
8.31                     0.063546285              
8.32                     0.06353884               
8.33                     0.0635314                
8.34                     0.06352397               
8.35                     0.06351655               
8.36                     0.06350914               
8.37                     0.06350173               
8.38                     0.06349433               
8.39                     0.06348694               
8.4                      0.063479565              
8.41                     0.06347219               
8.42                     0.06346482               
8.43                     0.06345747               
8.44                     0.06345011               
8.45                     0.063442774              
8.46                     0.063435435              
8.47                     0.06342811               
8.48                     0.063420795              
8.49                     0.063413486              
8.5                      0.063406184              
8.51                     0.06339889               
8.52                     0.0633916                
8.53                     0.063384324              
8.54                     0.06337705               
8.55                     0.06336979               
8.56                     0.06336253               
8.57                     0.06335529               
8.58                     0.06334805               
8.59                     0.06334081               
8.6                      0.06333359               
8.61                     0.06332637               
8.62                     0.06331917               
8.63                     0.063311964              
8.64                     0.063304774              
8.65                     0.063297585              
8.66                     0.06329041               
8.67                     0.06328324               
8.68                     0.063276075              
8.69                     0.06326892               
8.7                      0.06326178               
8.71                     0.06325464               
8.72                     0.06324751               
8.73                     0.06324038               
8.74                     0.063233264              
8.75                     0.063226156              
8.76                     0.063219056              
8.77                     0.06321196               
8.78                     0.06320488               
8.79                     0.0631978                
8.8                      0.06319073               
8.81                     0.063183665              
8.82                     0.06317661               
8.83                     0.06316956               
8.84                     0.06316252               
8.85                     0.06315549               
8.86                     0.06314846               
8.87                     0.06314144               
8.88                     0.06313443               
8.89                     0.06312743               
8.9                      0.06312043               
8.91                     0.06311344               
8.92                     0.06310646               
8.93                     0.06309949               
8.94                     0.06309252               
8.95                     0.06308556               
8.96                     0.06307861               
8.97                     0.06307167               
8.98                     0.06306473               
8.99                     0.0630578                
9.0                      0.06305087               
9.01                     0.06304396               
9.02                     0.06303705               
9.03                     0.06303015               
9.04                     0.06302326               
9.05                     0.06301638               
9.06                     0.06300949               
9.07                     0.06300262               
9.08                     0.06299576               
9.09                     0.06298891               
9.1                      0.06298205               
9.11                     0.06297521               
9.12                     0.06296838               
9.13                     0.06296155               
9.14                     0.06295473               
9.15                     0.062947914              
9.16                     0.06294111               
9.17                     0.06293431               
9.18                     0.06292752               
9.19                     0.062920734              
9.2                      0.062913954              
9.21                     0.06290718               
9.22                     0.062900424              
9.23                     0.06289367               
9.24                     0.062886916              
9.25                     0.06288017               
9.26                     0.06287344               
9.27                     0.06286671               
9.28                     0.06285999               
9.29                     0.06285327               
9.3                      0.062846564              
9.31                     0.062839866              
9.32                     0.06283317               
9.33                     0.062826484              
9.34                     0.0628198                
9.35                     0.06281313               
9.36                     0.062806465              
9.37                     0.062799804              
9.38                     0.06279315               
9.39                     0.06278651               
9.4                      0.06277987               
9.41                     0.06277324               
9.42                     0.06276661               
9.43                     0.062759995              
9.44                     0.06275339               
9.45                     0.062746786              
9.46                     0.062740184              
9.47                     0.0627336                
9.48                     0.06272701               
9.49                     0.06272043               
9.5                      0.06271387               
9.51                     0.062707305              
9.52                     0.06270075               
9.53                     0.0626942                
9.54                     0.06268766               
9.55                     0.06268112               
9.56                     0.06267459               
9.57                     0.06266807               
9.58                     0.06266155               
9.59                     0.06265505               
9.6                      0.06264854               
9.61                     0.062642045              
9.62                     0.06263556               
9.63                     0.06262908               
9.64                     0.06262261               
9.65                     0.06261613               
9.66                     0.06260967               
9.67                     0.06260322               
9.68                     0.06259677               
9.69                     0.06259033               
9.7                      0.06258389               
9.71                     0.06257746               
9.72                     0.06257104               
9.73                     0.06256463               
9.74                     0.06255822               
9.75                     0.06255182               
9.76                     0.06254542               
9.77                     0.06253903               
9.78                     0.06253265               
9.79                     0.06252628               
9.8                      0.06251991               
9.81                     0.062513545              
9.82                     0.06250719               
9.83                     0.062500834              
9.84                     0.062494494              
9.85                     0.062488157              
9.86                     0.062481828              
9.87                     0.062475506              
9.88                     0.062469188              
9.89                     0.062462877              
9.9                      0.062456574              
9.91                     0.06245028               
9.92                     0.062443987              
9.93                     0.062437702              
9.94                     0.062431425              
9.95                     0.06242515               
9.96                     0.062418886              
9.97                     0.062412627              
9.98                     0.062406376              
9.99                     0.06240013               
10.0                     0.06239389               
