% x                      
0.0                      8450.0                   
0.01                     8448.678                 
0.02                     8447.178                 
0.03                     8445.679                 
0.04                     8444.181                 
0.05                     8442.682                 
0.06                     8441.184                 
0.07                     8439.687                 
0.08                     8438.189                 
0.09                     8436.692                 
0.1                      8435.195                 
0.11                     8433.699                 
0.12                     8432.205                 
0.13                     8430.71                  
0.14                     8429.216                 
0.15                     8427.721                 
0.16                     8426.227                 
0.17                     8424.731                 
0.18                     8423.236                 
0.19                     8421.742                 
0.2                      8420.248                 
0.21                     8418.759                 
0.22                     8417.269                 
0.23                     8415.779                 
0.24                     8414.289                 
0.25                     8412.8                   
0.26                     8411.31                  
0.27                     8409.82                  
0.28                     8408.33                  
0.29                     8406.841                 
0.3                      8405.351                 
0.31                     8403.861                 
0.32                     8402.371                 
0.33                     8400.882                 
0.34                     8399.392                 
0.35                     8397.902                 
0.36                     8396.412                 
0.37                     8394.923                 
0.38                     8393.433                 
0.39                     8391.949                 
0.4                      8390.469                 
0.41                     8388.989                 
0.42                     8387.509                 
0.43                     8386.029                 
0.44                     8384.549                 
0.45                     8383.069                 
0.46                     8381.589                 
0.47                     8380.109                 
0.48                     8378.629                 
0.49                     8377.149                 
0.5                      8375.669                 
0.51                     8374.189                 
0.52                     8372.709                 
0.53                     8371.2295                
0.54                     8369.749                 
0.55                     8368.27                  
0.56                     8366.789                 
0.57                     8365.31                  
0.58                     8363.829                 
0.59                     8362.35                  
0.6                      8360.869                 
0.61                     8359.39                  
0.62                     8357.91                  
0.63                     8356.43                  
0.64                     8354.95                  
0.65                     8353.47                  
0.66                     8351.99                  
0.67                     8350.51                  
0.68                     8349.03                  
0.69                     8347.55                  
0.7                      8346.07                  
0.71                     8344.59                  
0.72                     8343.11                  
0.73                     8341.63                  
0.74                     8340.15                  
0.75                     8338.67                  
0.76                     8337.193                 
0.77                     8335.724                 
0.78                     8334.253                 
0.79                     8332.783                 
0.8                      8331.3125                
0.81                     8329.843                 
0.82                     8328.372                 
0.83                     8326.902                 
0.84                     8325.432                 
0.85                     8323.961                 
0.86                     8322.491                 
0.87                     8321.0205                
0.88                     8319.551                 
0.89                     8318.08                  
0.9                      8316.61                  
0.91                     8315.14                  
0.92                     8313.67                  
0.93                     8312.199                 
0.94                     8310.7295                
0.95                     8309.259                 
0.96                     8307.789                 
0.97                     8306.318                 
0.98                     8304.848                 
0.99                     8303.378                 
1.0                      8301.907                 
1.01                     8300.4375                
1.02                     8298.967                 
1.03                     8297.497                 
1.04                     8296.026                 
1.05                     8294.557                 
1.06                     8293.086                 
1.07                     8291.616                 
1.08                     8290.1455                
1.09                     8288.676                 
1.1                      8287.205                 
1.11                     8285.735                 
1.12                     8284.265                 
1.13                     8282.796                 
1.14                     8281.335                 
1.15                     8279.874                 
1.16                     8278.414                 
1.17                     8276.953                 
1.18                     8275.492                 
1.19                     8274.032                 
1.2                      8272.571                 
1.21                     8271.111                 
1.22                     8269.65                  
1.23                     8268.189                 
1.24                     8266.7295                
1.25                     8265.269                 
1.26                     8263.808                 
1.27                     8262.348                 
1.28                     8260.887                 
1.29                     8259.426                 
1.3                      8257.966                 
1.31                     8256.505                 
1.32                     8255.044                 
1.33                     8253.584                 
1.34                     8252.123                 
1.35                     8250.662                 
1.36                     8249.202                 
1.37                     8247.741                 
1.38                     8246.28                  
1.39                     8244.82                  
1.4                      8243.359                 
1.41                     8241.898                 
1.42                     8240.438                 
1.43                     8238.978                 
1.44                     8237.517                 
1.45                     8236.057                 
1.46                     8234.596                 
1.47                     8233.135                 
1.48                     8231.675                 
1.49                     8230.214                 
1.5                      8228.754                 
1.51                     8227.296                 
1.52                     8225.84                  
1.53                     8224.384                 
1.54                     8222.927                 
1.55                     8221.472                 
1.56                     8220.016                 
1.57                     8218.56                  
1.58                     8217.1045                
1.59                     8215.649                 
1.6                      8214.194                 
1.61                     8212.739                 
1.62                     8211.285                 
1.63                     8209.831                 
1.64                     8208.377                 
1.65                     8206.923                 
1.66                     8205.469                 
1.67                     8204.016                 
1.68                     8202.562                 
1.69                     8201.108                 
1.7                      8199.656                 
1.71                     8198.203                 
1.72                     8196.751                 
1.73                     8195.298                 
1.74                     8193.846                 
1.75                     8192.395                 
1.76                     8190.9424                
1.77                     8189.4907                
1.78                     8188.0396                
1.79                     8186.5884                
1.8                      8185.137                 
1.81                     8183.6865                
1.82                     8182.236                 
1.83                     8180.7856                
1.84                     8179.3354                
1.85                     8177.8857                
1.86                     8176.436                 
1.87                     8174.9863                
1.88                     8173.537                 
1.89                     8172.088                 
1.9                      8170.639                 
1.91                     8169.1904                
1.92                     8167.7417                
1.93                     8166.2935                
1.94                     8164.845                 
1.95                     8163.3975                
1.96                     8161.9497                
1.97                     8160.502                 
1.98                     8159.0547                
1.99                     8157.6074                
2.0                      8156.1606                
2.01                     8154.714                 
2.02                     8153.2676                
2.03                     8151.8213                
2.04                     8150.375                 
2.05                     8148.929                 
2.06                     8147.4834                
2.07                     8146.0376                
2.08                     8144.5923                
2.09                     8143.1475                
2.1                      8141.7026                
2.11                     8140.258                 
2.12                     8138.8135                
2.13                     8137.369                 
2.14                     8135.925                 
2.15                     8134.481                 
2.16                     8133.037                 
2.17                     8131.5938                
2.18                     8130.1504                
2.19                     8128.7075                
2.2                      8127.264                 
2.21                     8125.822                 
2.22                     8124.3794                
2.23                     8122.937                 
2.24                     8121.4946                
2.25                     8120.0537                
2.26                     8118.6133                
2.27                     8117.173                 
2.28                     8115.733                 
2.29                     8114.2935                
2.3                      8112.854                 
2.31                     8111.4146                
2.32                     8109.9756                
2.33                     8108.5366                
2.34                     8107.098                 
2.35                     8105.66                  
2.36                     8104.222                 
2.37                     8102.784                 
2.38                     8101.3467                
2.39                     8099.909                 
2.4                      8098.472                 
2.41                     8097.035                 
2.42                     8095.5986                
2.43                     8094.162                 
2.44                     8092.726                 
2.45                     8091.29                  
2.46                     8089.8545                
2.47                     8088.419                 
2.48                     8086.9834                
2.49                     8085.5483                
2.5                      8084.114                 
2.51                     8082.679                 
2.52                     8081.245                 
2.53                     8079.811                 
2.54                     8078.377                 
2.55                     8076.9434                
2.56                     8075.5103                
2.57                     8074.077                 
2.58                     8072.644                 
2.59                     8071.2114                
2.6                      8069.779                 
2.61                     8068.3467                
2.62                     8066.915                 
2.63                     8065.483                 
2.64                     8064.052                 
2.65                     8062.6206                
2.66                     8061.1895                
2.67                     8059.759                 
2.68                     8058.328                 
2.69                     8056.898                 
2.7                      8055.468                 
2.71                     8054.038                 
2.72                     8052.6084                
2.73                     8051.1787                
2.74                     8049.7495                
2.75                     8048.321                 
2.76                     8046.892                 
2.77                     8045.464                 
2.78                     8044.0356                
2.79                     8042.6074                
2.8                      8041.1797                
2.81                     8039.7524                
2.82                     8038.325                 
2.83                     8036.898                 
2.84                     8035.471                 
2.85                     8034.045                 
2.86                     8032.6187                
2.87                     8031.1924                
2.88                     8029.7666                
2.89                     8028.341                 
2.9                      8026.9155                
2.91                     8025.49                  
2.92                     8024.0654                
2.93                     8022.6406                
2.94                     8021.2163                
2.95                     8019.792                 
2.96                     8018.368                 
2.97                     8016.9443                
2.98                     8015.521                 
2.99                     8014.0977                
3.0                      8012.6753                
3.01                     8011.253                 
3.02                     8009.831                 
3.03                     8008.409                 
3.04                     8006.988                 
3.05                     8005.5664                
3.06                     8004.1455                
3.07                     8002.7246                
3.08                     8001.304                 
3.09                     7999.884                 
3.1                      7998.464                 
3.11                     7997.044                 
3.12                     7995.6245                
3.13                     7994.2056                
3.14                     7992.786                 
3.15                     7991.3677                
3.16                     7989.949                 
3.17                     7988.531                 
3.18                     7987.113                 
3.19                     7985.695                 
3.2                      7984.2773                
3.21                     7982.8604                
3.22                     7981.4434                
3.23                     7980.0264                
3.24                     7978.61                  
3.25                     7977.1934                
3.26                     7975.7773                
3.27                     7974.362                 
3.28                     7972.9463                
3.29                     7971.531                 
3.3                      7970.1157                
3.31                     7968.701                 
3.32                     7967.2866                
3.33                     7965.872                 
3.34                     7964.458                 
3.35                     7963.0444                
3.36                     7961.631                 
3.37                     7960.218                 
3.38                     7958.8047                
3.39                     7957.3916                
3.4                      7955.979                 
3.41                     7954.567                 
3.42                     7953.155                 
3.43                     7951.743                 
3.44                     7950.3315                
3.45                     7948.9204                
3.46                     7947.5093                
3.47                     7946.098                 
3.48                     7944.688                 
3.49                     7943.2773                
3.5                      7941.867                 
3.51                     7940.4575                
3.52                     7939.048                 
3.53                     7937.6387                
3.54                     7936.2295                
3.55                     7934.821                 
3.56                     7933.412                 
3.57                     7932.004                 
3.58                     7930.5957                
3.59                     7929.188                 
3.6                      7927.7803                
3.61                     7926.373                 
3.62                     7924.9663                
3.63                     7923.559                 
3.64                     7922.153                 
3.65                     7920.746                 
3.66                     7919.3403                
3.67                     7917.9346                
3.68                     7916.529                 
3.69                     7915.1235                
3.7                      7913.7183                
3.71                     7912.3135                
3.72                     7910.909                 
3.73                     7909.505                 
3.74                     7908.1006                
3.75                     7906.697                 
3.76                     7905.293                 
3.77                     7903.8896                
3.78                     7902.487                 
3.79                     7901.084                 
3.8                      7899.6816                
3.81                     7898.2793                
3.82                     7896.877                 
3.83                     7895.475                 
3.84                     7894.0737                
3.85                     7892.6724                
3.86                     7891.271                 
3.87                     7889.8706                
3.88                     7888.4697                
3.89                     7887.0693                
3.9                      7885.6694                
3.91                     7884.2695                
3.92                     7882.87                  
3.93                     7881.4707                
3.94                     7880.072                 
3.95                     7878.673                 
3.96                     7877.2744                
3.97                     7875.876                 
3.98                     7874.478                 
3.99                     7873.08                  
4.0                      7871.6826                
4.01                     7870.285                 
4.02                     7868.888                 
4.03                     7867.491                 
4.04                     7866.0947                
4.05                     7864.698                 
4.06                     7863.3022                
4.07                     7861.9062                
4.08                     7860.5107                
4.09                     7859.115                 
4.1                      7857.72                  
4.11                     7856.3257                
4.12                     7854.9307                
4.13                     7853.5366                
4.14                     7852.1426                
4.15                     7850.7485                
4.16                     7849.355                 
4.17                     7847.9614                
4.18                     7846.5684                
4.19                     7845.176                 
4.2                      7843.783                 
4.21                     7842.3906                
4.22                     7840.9985                
4.23                     7839.607                 
4.24                     7838.2153                
4.25                     7836.8237                
4.26                     7835.4326                
4.27                     7834.042                 
4.28                     7832.6514                
4.29                     7831.261                 
4.3                      7829.871                 
4.31                     7828.481                 
4.32                     7827.0913                
4.33                     7825.702                 
4.34                     7824.313                 
4.35                     7822.9243                
4.36                     7821.5356                
4.37                     7820.147                 
4.38                     7818.7593                
4.39                     7817.371                 
4.4                      7815.9834                
4.41                     7814.596                 
4.42                     7813.209                 
4.43                     7811.8223                
4.44                     7810.4355                
4.45                     7809.0493                
4.46                     7807.663                 
4.47                     7806.2773                
4.48                     7804.8916                
4.49                     7803.5063                
4.5                      7802.121                 
4.51                     7800.7363                
4.52                     7799.3516                
4.53                     7797.9673                
4.54                     7796.5835                
4.55                     7795.199                 
4.56                     7793.816                 
4.57                     7792.4326                
4.58                     7791.0493                
4.59                     7789.6665                
4.6                      7788.2837                
4.61                     7786.9014                
4.62                     7785.5195                
4.63                     7784.1377                
4.64                     7782.756                 
4.65                     7781.3745                
4.66                     7779.993                 
4.67                     7778.6123                
4.68                     7777.232                 
4.69                     7775.8516                
4.7                      7774.471                 
4.71                     7773.0913                
4.72                     7771.712                 
4.73                     7770.3325                
4.74                     7768.953                 
4.75                     7767.574                 
4.76                     7766.1953                
4.77                     7764.817                 
4.78                     7763.4385                
4.79                     7762.06                  
4.8                      7760.682                 
4.81                     7759.3047                
4.82                     7757.9272                
4.83                     7756.5503                
4.84                     7755.1733                
4.85                     7753.7964                
4.86                     7752.42                  
4.87                     7751.044                 
4.88                     7749.668                 
4.89                     7748.2925                
4.9                      7746.917                 
4.91                     7745.542                 
4.92                     7744.167                 
4.93                     7742.792                 
4.94                     7741.4175                
4.95                     7740.0435                
4.96                     7738.6694                
4.97                     7737.296                 
4.98                     7735.9224                
4.99                     7734.549                 
5.0                      7733.1763                
5.01                     7731.803                 
5.02                     7730.4307                
5.03                     7729.0586                
5.04                     7727.6865                
5.05                     7726.315                 
5.06                     7724.9434                
5.07                     7723.5723                
5.08                     7722.201                 
5.09                     7720.83                  
5.1                      7719.4595                
5.11                     7718.0894                
5.12                     7716.719                 
5.13                     7715.3496                
5.14                     7713.98                  
5.15                     7712.611                 
5.16                     7711.2417                
5.17                     7709.8726                
5.18                     7708.5044                
5.19                     7707.1357                
5.2                      7705.7676                
5.21                     7704.4                   
5.22                     7703.032                 
5.23                     7701.665                 
5.24                     7700.298                 
5.25                     7698.931                 
5.26                     7697.5645                
5.27                     7696.198                 
5.28                     7694.832                 
5.29                     7693.466                 
5.3                      7692.1006                
5.31                     7690.735                 
5.32                     7689.3696                
5.33                     7688.005                 
5.34                     7686.64                  
5.35                     7685.276                 
5.36                     7683.9116                
5.37                     7682.548                 
5.38                     7681.184                 
5.39                     7679.821                 
5.4                      7678.4575                
5.41                     7677.0947                
5.42                     7675.732                 
5.43                     7674.369                 
5.44                     7673.0073                
5.45                     7671.645                 
5.46                     7670.2837                
5.47                     7668.922                 
5.48                     7667.5605                
5.49                     7666.1997                
5.5                      7664.839                 
5.51                     7663.4785                
5.52                     7662.118                 
5.53                     7660.7583                
5.54                     7659.3984                
5.55                     7658.039                 
5.56                     7656.6797                
5.57                     7655.321                 
5.58                     7653.962                 
5.59                     7652.6035                
5.6                      7651.245                 
5.61                     7649.887                 
5.62                     7648.5293                
5.63                     7647.172                 
5.64                     7645.8145                
5.65                     7644.4575                
5.66                     7643.1006                
5.67                     7641.744                 
5.68                     7640.3877                
5.69                     7639.0317                
5.7                      7637.676                 
5.71                     7636.3203                
5.72                     7634.965                 
5.73                     7633.6094                
5.74                     7632.2544                
5.75                     7630.9                   
5.76                     7629.5454                
5.77                     7628.191                 
5.78                     7626.837                 
5.79                     7625.483                 
5.8                      7624.1294                
5.81                     7622.776                 
5.82                     7621.423                 
5.83                     7620.07                  
5.84                     7618.7173                
5.85                     7617.3647                
5.86                     7616.012                 
5.87                     7614.6606                
5.88                     7613.3086                
5.89                     7611.9575                
5.9                      7610.606                 
5.91                     7609.255                 
5.92                     7607.9043                
5.93                     7606.5537                
5.94                     7605.2036                
5.95                     7603.8535                
5.96                     7602.504                 
5.97                     7601.1543                
5.98                     7599.8047                
5.99                     7598.4556                
6.0                      7597.107                 
6.01                     7595.7583                
6.02                     7594.41                  
6.03                     7593.062                 
6.04                     7591.714                 
6.05                     7590.3667                
6.06                     7589.019                 
6.07                     7587.672                 
6.08                     7586.325                 
6.09                     7584.9785                
6.1                      7583.632                 
6.11                     7582.2856                
6.12                     7580.94                  
6.13                     7579.594                 
6.14                     7578.2485                
6.15                     7576.9033                
6.16                     7575.5586                
6.17                     7574.214                 
6.18                     7572.869                 
6.19                     7571.525                 
6.2                      7570.181                 
6.21                     7568.8374                
6.22                     7567.4937                
6.23                     7566.1504                
6.24                     7564.807                 
6.25                     7563.4644                
6.26                     7562.122                 
6.27                     7560.78                  
6.28                     7559.4375                
6.29                     7558.0957                
6.3                      7556.754                 
6.31                     7555.4126                
6.32                     7554.072                 
6.33                     7552.7305                
6.34                     7551.39                  
6.35                     7550.05                  
6.36                     7548.7095                
6.37                     7547.3696                
6.38                     7546.03                  
6.39                     7544.6904                
6.4                      7543.351                 
6.41                     7542.012                 
6.42                     7540.6733                
6.43                     7539.335                 
6.44                     7537.9966                
6.45                     7536.6587                
6.46                     7535.3213                
6.47                     7533.9834                
6.48                     7532.6465                
6.49                     7531.309                 
6.5                      7529.9727                
6.51                     7528.6357                
6.52                     7527.2993                
6.53                     7525.9634                
6.54                     7524.6274                
6.55                     7523.292                 
6.56                     7521.9565                
6.57                     7520.6216                
6.58                     7519.2866                
6.59                     7517.952                 
6.6                      7516.6177                
6.61                     7515.2837                
6.62                     7513.9497                
6.63                     7512.6157                
6.64                     7511.2827                
6.65                     7509.949                 
6.66                     7508.616                 
6.67                     7507.2837                
6.68                     7505.951                 
6.69                     7504.619                 
6.7                      7503.287                 
6.71                     7501.955                 
6.72                     7500.6235                
6.73                     7499.2925                
6.74                     7497.9614                
6.75                     7496.6304                
6.76                     7495.3                   
6.77                     7493.969                 
6.78                     7492.6387                
6.79                     7491.3086                
6.8                      7489.979                 
6.81                     7488.6494                
6.82                     7487.32                  
6.83                     7485.9907                
6.84                     7484.662                 
6.85                     7483.3335                
6.86                     7482.005                 
6.87                     7480.677                 
6.88                     7479.3486                
6.89                     7478.021                 
6.9                      7476.694                 
6.91                     7475.3667                
6.92                     7474.0396                
6.93                     7472.713                 
6.94                     7471.386                 
6.95                     7470.06                  
6.96                     7468.734                 
6.97                     7467.408                 
6.98                     7466.0825                
6.99                     7464.7573                
7.0                      7463.432                 
7.01                     7462.1074                
7.02                     7460.7827                
7.03                     7459.4585                
7.04                     7458.1343                
7.05                     7456.81                  
7.06                     7455.4863                
7.07                     7454.163                 
7.08                     7452.84                  
7.09                     7451.517                 
7.1                      7450.1943                
7.11                     7448.8716                
7.12                     7447.5493                
7.13                     7446.2275                
7.14                     7444.906                 
7.15                     7443.584                 
7.16                     7442.2627                
7.17                     7440.942                 
7.18                     7439.621                 
7.19                     7438.3003                
7.2                      7436.98                  
7.21                     7435.6597                
7.22                     7434.34                  
7.23                     7433.0205                
7.24                     7431.7007                
7.25                     7430.382                 
7.26                     7429.0625                
7.27                     7427.744                 
7.28                     7426.4253                
7.29                     7425.1074                
7.3                      7423.789                 
7.31                     7422.4717                
7.32                     7421.154                 
7.33                     7419.837                 
7.34                     7418.5195                
7.35                     7417.2026                
7.36                     7415.886                 
7.37                     7414.57                  
7.38                     7413.254                 
7.39                     7411.938                 
7.4                      7410.622                 
7.41                     7409.3066                
7.42                     7407.9917                
7.43                     7406.677                 
7.44                     7405.3623                
7.45                     7404.048                 
7.46                     7402.7334                
7.47                     7401.4194                
7.48                     7400.1055                
7.49                     7398.792                 
7.5                      7397.479                 
7.51                     7396.166                 
7.52                     7394.853                 
7.53                     7393.5405                
7.54                     7392.228                 
7.55                     7390.916                 
7.56                     7389.604                 
7.57                     7388.2925                
7.58                     7386.981                 
7.59                     7385.67                  
7.6                      7384.359                 
7.61                     7383.0483                
7.62                     7381.738                 
7.63                     7380.4277                
7.64                     7379.1177                
7.65                     7377.808                 
7.66                     7376.4985                
7.67                     7375.1895                
7.68                     7373.8804                
7.69                     7372.572                 
7.7                      7371.263                 
7.71                     7369.9546                
7.72                     7368.6465                
7.73                     7367.339                 
7.74                     7366.0312                
7.75                     7364.7236                
7.76                     7363.4165                
7.77                     7362.1094                
7.78                     7360.8027                
7.79                     7359.496                 
7.8                      7358.1895                
7.81                     7356.884                 
7.82                     7355.5776                
7.83                     7354.272                 
7.84                     7352.967                 
7.85                     7351.6616                
7.86                     7350.3564                
7.87                     7349.052                 
7.88                     7347.7476                
7.89                     7346.4434                
7.9                      7345.139                 
7.91                     7343.8354                
7.92                     7342.5317                
7.93                     7341.2285                
7.94                     7339.926                 
7.95                     7338.6226                
7.96                     7337.3203                
7.97                     7336.0176                
7.98                     7334.716                 
7.99                     7333.4136                
8.0                      7332.1123                
8.01                     7330.8105                
8.02                     7329.5093                
8.03                     7328.2085                
8.04                     7326.9077                
8.05                     7325.6074                
8.06                     7324.307                 
8.07                     7323.007                 
8.08                     7321.707                 
8.09                     7320.407                 
8.1                      7319.108                 
8.11                     7317.809                 
8.12                     7316.5103                
8.13                     7315.2114                
8.14                     7313.913                 
8.15                     7312.6147                
8.16                     7311.317                 
8.17                     7310.019                 
8.18                     7308.7217                
8.19                     7307.4243                
8.2                      7306.1274                
8.21                     7304.8306                
8.22                     7303.5337                
8.23                     7302.2373                
8.24                     7300.9414                
8.25                     7299.6455                
8.26                     7298.35                  
8.27                     7297.0547                
8.28                     7295.7593                
8.29                     7294.4644                
8.3                      7293.1694                
8.31                     7291.875                 
8.32                     7290.5806                
8.33                     7289.2866                
8.34                     7287.993                 
8.35                     7286.699                 
8.36                     7285.4062                
8.37                     7284.113                 
8.38                     7282.82                  
8.39                     7281.5273                
8.4                      7280.235                 
8.41                     7278.943                 
8.42                     7277.651                 
8.43                     7276.359                 
8.44                     7275.0674                
8.45                     7273.7764                
8.46                     7272.4854                
8.47                     7271.1943                
8.48                     7269.904                 
8.49                     7268.614                 
8.5                      7267.323                 
8.51                     7266.0337                
8.52                     7264.744                 
8.53                     7263.4546                
8.54                     7262.1655                
8.55                     7260.8765                
8.56                     7259.5874                
8.57                     7258.2993                
8.58                     7257.0107                
8.59                     7255.7227                
8.6                      7254.435                 
8.61                     7253.1475                
8.62                     7251.86                  
8.63                     7250.5728                
8.64                     7249.286                 
8.65                     7247.9995                
8.66                     7246.713                 
8.67                     7245.427                 
8.68                     7244.1406                
8.69                     7242.855                 
8.7                      7241.5693                
8.71                     7240.284                 
8.72                     7238.999                 
8.73                     7237.7144                
8.74                     7236.4297                
8.75                     7235.145                 
8.76                     7233.861                 
8.77                     7232.577                 
8.78                     7231.2935                
8.79                     7230.01                  
8.8                      7228.7266                
8.81                     7227.4434                
8.82                     7226.1606                
8.83                     7224.8784                
8.84                     7223.5957                
8.85                     7222.314                 
8.86                     7221.0317                
8.87                     7219.75                  
8.88                     7218.4688                
8.89                     7217.1875                
8.9                      7215.9067                
8.91                     7214.626                 
8.92                     7213.345                 
8.93                     7212.065                 
8.94                     7210.7847                
8.95                     7209.505                 
8.96                     7208.2256                
8.97                     7206.946                 
8.98                     7205.667                 
8.99                     7204.3877                
9.0                      7203.1094                
9.01                     7201.8306                
9.02                     7200.5522                
9.03                     7199.2744                
9.04                     7197.9966                
9.05                     7196.719                 
9.06                     7195.442                 
9.07                     7194.1646                
9.08                     7192.8877                
9.09                     7191.611                 
9.1                      7190.3345                
9.11                     7189.0586                
9.12                     7187.782                 
9.13                     7186.507                 
9.14                     7185.231                 
9.15                     7183.956                 
9.16                     7182.6807                
9.17                     7181.406                 
9.18                     7180.1313                
9.19                     7178.857                 
9.2                      7177.5825                
9.21                     7176.3086                
9.22                     7175.035                 
9.23                     7173.7617                
9.24                     7172.4883                
9.25                     7171.2153                
9.26                     7169.9424                
9.27                     7168.67                  
9.28                     7167.3975                
9.29                     7166.1255                
9.3                      7164.8535                
9.31                     7163.5815                
9.32                     7162.31                  
9.33                     7161.039                 
9.34                     7159.768                 
9.35                     7158.497                 
9.36                     7157.2266                
9.37                     7155.9565                
9.38                     7154.686                 
9.39                     7153.4165                
9.4                      7152.1465                
9.41                     7150.8774                
9.42                     7149.608                 
9.43                     7148.339                 
9.44                     7147.0703                
9.45                     7145.802                 
9.46                     7144.5337                
9.47                     7143.2656                
9.48                     7141.9976                
9.49                     7140.73                  
9.5                      7139.4624                
9.51                     7138.1953                
9.52                     7136.928                 
9.53                     7135.6616                
9.54                     7134.395                 
9.55                     7133.129                 
9.56                     7131.863                 
9.57                     7130.597                 
9.58                     7129.3315                
9.59                     7128.066                 
9.6                      7126.801                 
9.61                     7125.536                 
9.62                     7124.2715                
9.63                     7123.007                 
9.64                     7121.7427                
9.65                     7120.4785                
9.66                     7119.215                 
9.67                     7117.951                 
9.68                     7116.688                 
9.69                     7115.425                 
9.7                      7114.1616                
9.71                     7112.899                 
9.72                     7111.6367                
9.73                     7110.3745                
9.74                     7109.1123                
9.75                     7107.8506                
9.76                     7106.589                 
9.77                     7105.3276                
9.78                     7104.0664                
9.79                     7102.8057                
9.8                      7101.545                 
9.81                     7100.2847                
9.82                     7099.0244                
9.83                     7097.764                 
9.84                     7096.5044                
9.85                     7095.245                 
9.86                     7093.986                 
9.87                     7092.7266                
9.88                     7091.468                 
9.89                     7090.209                 
9.9                      7088.9507                
9.91                     7087.6924                
9.92                     7086.4346                
9.93                     7085.177                 
9.94                     7083.9194                
9.95                     7082.662                 
9.96                     7081.405                 
9.97                     7080.148                 
9.98                     7078.891                 
9.99                     7077.635                 
10.0                     7076.379                 
