% x                      
0.0                      1.0                      
0.01                     0.76873285               
0.02                     0.7679755                
0.03                     0.76727706               
0.04                     0.76658505               
0.05                     0.7658988                
0.06                     0.7652187                
0.07                     0.76454514               
0.08                     0.76387817               
0.09                     0.7632178                
0.1                      0.7625637                
0.11                     0.761916                 
0.12                     0.7612744                
0.13                     0.7606387                
0.14                     0.76000917               
0.15                     0.7593853                
0.16                     0.758767                 
0.17                     0.75815445               
0.18                     0.75754726               
0.19                     0.75694525               
0.2                      0.75634867               
0.21                     0.75575715               
0.22                     0.7551707                
0.23                     0.75458914               
0.24                     0.7540124                
0.25                     0.75344044               
0.26                     0.7528731                
0.27                     0.7523103                
0.28                     0.75175196               
0.29                     0.7511979                
0.3                      0.7506481                
0.31                     0.7501024                
0.32                     0.7495608                
0.33                     0.74902326               
0.34                     0.7484897                
0.35                     0.7479599                
0.36                     0.74743396               
0.37                     0.7469116                
0.38                     0.74639285               
0.39                     0.74587756               
0.4                      0.74536586               
0.41                     0.7448577                
0.42                     0.74435294               
0.43                     0.7438514                
0.44                     0.7433532                
0.45                     0.7428581                
0.46                     0.7423661                
0.47                     0.7418771                
0.48                     0.74139124               
0.49                     0.7409083                
0.5                      0.74042827               
0.51                     0.7399511                
0.52                     0.7394766                
0.53                     0.73900485               
0.54                     0.73853576               
0.55                     0.73806936               
0.56                     0.7376057                
0.57                     0.7371446                
0.58                     0.736686                 
0.59                     0.73622984               
0.6                      0.7357761                
0.61                     0.7353248                
0.62                     0.7348758                
0.63                     0.7344292                
0.64                     0.7339849                
0.65                     0.73354286               
0.66                     0.733103                 
0.67                     0.73266524               
0.68                     0.73222965               
0.69                     0.73179615               
0.7                      0.7313647                
0.71                     0.7309354                
0.72                     0.730508                 
0.73                     0.73008263               
0.74                     0.7296592                
0.75                     0.7292377                
0.76                     0.72881806               
0.77                     0.72840023               
0.78                     0.7279843                
0.79                     0.72757024               
0.8                      0.72715795               
0.81                     0.7267474                
0.82                     0.7263386                
0.83                     0.7259316                
0.84                     0.7255263                
0.85                     0.7251226                
0.86                     0.7247206                
0.87                     0.72432023               
0.88                     0.7239215                
0.89                     0.72352433               
0.9                      0.72312874               
0.91                     0.72273475               
0.92                     0.72234225               
0.93                     0.7219513                
0.94                     0.72156185               
0.95                     0.7211739                
0.96                     0.72078735               
0.97                     0.7204023                
0.98                     0.7200186                
0.99                     0.7196364                
1.0                      0.71925557               
1.01                     0.71887606               
1.02                     0.71849793               
1.03                     0.7181212                
1.04                     0.71774566               
1.05                     0.7173715                
1.06                     0.71699864               
1.07                     0.71662706               
1.08                     0.71625674               
1.09                     0.7158876                
1.1                      0.7155198                
1.11                     0.71515316               
1.12                     0.7147877                
1.13                     0.7144235                
1.14                     0.7140604                
1.15                     0.7136985                
1.16                     0.7133378                
1.17                     0.7129782                
1.18                     0.7126197                
1.19                     0.71226233               
1.2                      0.7119061                
1.21                     0.71155095               
1.22                     0.7111969                
1.23                     0.71084386               
1.24                     0.7104919                
1.25                     0.71014094               
1.26                     0.70979106               
1.27                     0.70944226               
1.28                     0.7090944                
1.29                     0.70874757               
1.3                      0.70840174               
1.31                     0.7080569                
1.32                     0.707713                 
1.33                     0.70737016               
1.34                     0.7070282                
1.35                     0.7066872                
1.36                     0.7063472                
1.37                     0.70600814               
1.38                     0.70566994               
1.39                     0.70533264               
1.4                      0.7049963                
1.41                     0.70466083               
1.42                     0.7043262                
1.43                     0.70399255               
1.44                     0.7036597                
1.45                     0.7033278                
1.46                     0.7029967                
1.47                     0.70266646               
1.48                     0.7023371                
1.49                     0.7020086                
1.5                      0.7016809                
1.51                     0.7013541                
1.52                     0.70102805               
1.53                     0.7007028                
1.54                     0.70037836               
1.55                     0.7000547                
1.56                     0.6997319                
1.57                     0.6994098                
1.58                     0.6990885                
1.59                     0.698768                 
1.6                      0.69844824               
1.61                     0.6981293                
1.62                     0.69781107               
1.63                     0.6974936                
1.64                     0.69717693               
1.65                     0.69686097               
1.66                     0.6965457                
1.67                     0.69623125               
1.68                     0.6959174                
1.69                     0.6956043                
1.7                      0.69529194               
1.71                     0.69498026               
1.72                     0.6946693                
1.73                     0.694359                 
1.74                     0.6940495                
1.75                     0.69374055               
1.76                     0.69343233               
1.77                     0.6931248                
1.78                     0.6928179                
1.79                     0.69251174               
1.8                      0.6922062                
1.81                     0.6919013                
1.82                     0.6915971                
1.83                     0.69129354               
1.84                     0.69099057               
1.85                     0.69068825               
1.86                     0.6903866                
1.87                     0.69008553               
1.88                     0.6897851                
1.89                     0.6894853                
1.9                      0.6891861                
1.91                     0.68888754               
1.92                     0.6885896                
1.93                     0.68829226               
1.94                     0.6879955                
1.95                     0.6876993                
1.96                     0.6874038                
1.97                     0.6871088                
1.98                     0.6868144                
1.99                     0.6865206                
2.0                      0.6862274                
2.01                     0.6859347                
2.02                     0.6856426                
2.03                     0.6853511                
2.04                     0.68506014               
2.05                     0.68476975               
2.06                     0.6844799                
2.07                     0.6841906                
2.08                     0.68390185               
2.09                     0.68361366               
2.1                      0.683326                 
2.11                     0.68303895               
2.12                     0.6827524                
2.13                     0.6824663                
2.14                     0.6821808                
2.15                     0.68189585               
2.16                     0.68161136               
2.17                     0.68132746               
2.18                     0.68104404               
2.19                     0.6807611                
2.2                      0.68047875               
2.21                     0.6801969                
2.22                     0.6799155                
2.23                     0.67963463               
2.24                     0.67935425               
2.25                     0.6790744                
2.26                     0.67879504               
2.27                     0.67851615               
2.28                     0.6782378                
2.29                     0.67795986               
2.3                      0.67768246               
2.31                     0.67740554               
2.32                     0.6771291                
2.33                     0.6768531                
2.34                     0.6765776                
2.35                     0.6763026                
2.36                     0.6760281                
2.37                     0.67575395               
2.38                     0.67548037               
2.39                     0.6752072                
2.4                      0.6749345                
2.41                     0.6746623                
2.42                     0.6743905                
2.43                     0.6741192                
2.44                     0.6738483                
2.45                     0.67357785               
2.46                     0.6733079                
2.47                     0.67303836               
2.48                     0.67276925               
2.49                     0.6725006                
2.5                      0.6722324                
2.51                     0.6719646                
2.52                     0.67169726               
2.53                     0.67143035               
2.54                     0.67116386               
2.55                     0.67089784               
2.56                     0.6706322                
2.57                     0.670367                 
2.58                     0.6701022                
2.59                     0.66983783               
2.6                      0.6695739                
2.61                     0.6693104                
2.62                     0.66904724               
2.63                     0.66878456               
2.64                     0.66852224               
2.65                     0.6682604                
2.66                     0.6679989                
2.67                     0.66773784               
2.68                     0.66747713               
2.69                     0.6672169                
2.7                      0.666957                 
2.71                     0.6666975                
2.72                     0.66643846               
2.73                     0.6661797                
2.74                     0.66592145               
2.75                     0.66566354               
2.76                     0.665406                 
2.77                     0.66514885               
2.78                     0.6648921                
2.79                     0.6646357                
2.8                      0.6643797                
2.81                     0.66412413               
2.82                     0.66386884               
2.83                     0.663614                 
2.84                     0.6633595                
2.85                     0.66310537               
2.86                     0.66285163               
2.87                     0.66259825               
2.88                     0.66234523               
2.89                     0.66209257               
2.9                      0.6618403                
2.91                     0.66158843               
2.92                     0.6613369                
2.93                     0.6610857                
2.94                     0.6608349                
2.95                     0.66058445               
2.96                     0.6603343                
2.97                     0.66008455               
2.98                     0.65983516               
2.99                     0.65958613               
3.0                      0.6593374                
3.01                     0.6590891                
3.02                     0.6588411                
3.03                     0.6585934                
3.04                     0.6583461                
3.05                     0.6580991                
3.06                     0.65785253               
3.07                     0.65760624               
3.08                     0.65736026               
3.09                     0.6571147                
3.1                      0.6568694                
3.11                     0.65662444               
3.12                     0.6563798                
3.13                     0.65613556               
3.14                     0.6558916                
3.15                     0.655648                 
3.16                     0.6554047                
3.17                     0.65516174               
3.18                     0.65491915               
3.19                     0.6546768                
3.2                      0.65443486               
3.21                     0.65419316               
3.22                     0.6539518                
3.23                     0.65371084               
3.24                     0.65347016               
3.25                     0.6532298                
3.26                     0.6529897                
3.27                     0.65274996               
3.28                     0.6525105                
3.29                     0.6522714                
3.3                      0.6520326                
3.31                     0.65179414               
3.32                     0.65155596               
3.33                     0.6513181                
3.34                     0.6510805                
3.35                     0.65084326               
3.36                     0.6506063                
3.37                     0.65036964               
3.38                     0.6501333                
3.39                     0.6498973                
3.4                      0.64966154               
3.41                     0.64942616               
3.42                     0.649191                 
3.43                     0.6489562                
3.44                     0.64872164               
3.45                     0.64848745               
3.46                     0.6482535                
3.47                     0.64801985               
3.48                     0.6477865                
3.49                     0.64755344               
3.5                      0.6473207                
3.51                     0.6470882                
3.52                     0.646856                 
3.53                     0.64662415               
3.54                     0.6463925                
3.55                     0.6461612                
3.56                     0.6459302                
3.57                     0.64569944               
3.58                     0.645469                 
3.59                     0.6452388                
3.6                      0.6450089                
3.61                     0.6447793                
3.62                     0.64455                  
3.63                     0.64432096               
3.64                     0.6440922                
3.65                     0.64386374               
3.66                     0.6436355                
3.67                     0.64340764               
3.68                     0.64317995               
3.69                     0.6429526                
3.7                      0.6427255                
3.71                     0.64249873               
3.72                     0.6422722                
3.73                     0.6420459                
3.74                     0.64181995               
3.75                     0.64159423               
3.76                     0.6413688                
3.77                     0.6411436                
3.78                     0.64091873               
3.79                     0.6406941                
3.8                      0.6404697                
3.81                     0.64024556               
3.82                     0.6400217                
3.83                     0.6397981                
3.84                     0.6395748                
3.85                     0.6393517                
3.86                     0.6391289                
3.87                     0.6389064                
3.88                     0.63868415               
3.89                     0.6384621                
3.9                      0.6382404                
3.91                     0.6380189                
3.92                     0.63779765               
3.93                     0.6375767                
3.94                     0.637356                 
3.95                     0.6371355                
3.96                     0.6369153                
3.97                     0.6366954                
3.98                     0.6364757                
3.99                     0.6362562                
4.0                      0.63603705               
4.01                     0.6358181                
4.02                     0.63559943               
4.03                     0.63538104               
4.04                     0.63516283               
4.05                     0.6349449                
4.06                     0.63472724               
4.07                     0.6345098                
4.08                     0.6342926                
4.09                     0.6340757                
4.1                      0.633859                 
4.11                     0.63364255               
4.12                     0.6334263                
4.13                     0.63321036               
4.14                     0.63299465               
4.15                     0.6327791                
4.16                     0.6325639                
4.17                     0.6323489                
4.18                     0.63213414               
4.19                     0.6319196                
4.2                      0.63170534               
4.21                     0.6314913                
4.22                     0.6312775                
4.23                     0.63106394               
4.24                     0.6308506                
4.25                     0.6306375                
4.26                     0.6304247                
4.27                     0.63021207               
4.28                     0.6299997                
4.29                     0.62978756               
4.3                      0.62957567               
4.31                     0.62936395               
4.32                     0.62915254               
4.33                     0.6289413                
4.34                     0.6287303                
4.35                     0.62851954               
4.36                     0.628309                 
4.37                     0.6280987                
4.38                     0.6278887                
4.39                     0.6276788                
4.4                      0.6274692                
4.41                     0.6272598                
4.42                     0.62705064               
4.43                     0.6268417                
4.44                     0.626633                 
4.45                     0.6264245                
4.46                     0.62621623               
4.47                     0.6260082                
4.48                     0.6258004                
4.49                     0.62559277               
4.5                      0.6253854                
4.51                     0.6251783                
4.52                     0.62497133               
4.53                     0.6247646                
4.54                     0.62455815               
4.55                     0.62435186               
4.56                     0.6241458                
4.57                     0.62394                  
4.58                     0.62373435               
4.59                     0.62352896               
4.6                      0.6233238                
4.61                     0.6231188                
4.62                     0.6229141                
4.63                     0.6227095                
4.64                     0.6225052                
4.65                     0.6223011                
4.66                     0.6220972                
4.67                     0.6218935                
4.68                     0.6216901                
4.69                     0.6214868                
4.7                      0.62128377               
4.71                     0.62108094               
4.72                     0.6208783                
4.73                     0.62067586               
4.74                     0.6204737                
4.75                     0.6202717                
4.76                     0.6200699                
4.77                     0.61986834               
4.78                     0.61966693               
4.79                     0.61946577               
4.8                      0.61926484               
4.81                     0.6190641                
4.82                     0.6188635                
4.83                     0.6186632                
4.84                     0.61846304               
4.85                     0.6182631                
4.86                     0.6180634                
4.87                     0.6178639                
4.88                     0.6176646                
4.89                     0.61746544               
4.9                      0.61726654               
4.91                     0.6170678                
4.92                     0.6168693                
4.93                     0.61667097               
4.94                     0.61647284               
4.95                     0.61627495               
4.96                     0.61607724               
4.97                     0.6158797                
4.98                     0.6156824                
4.99                     0.6154853                
5.0                      0.6152884                
5.01                     0.6150917                
5.02                     0.61489516               
5.03                     0.6146988                
5.04                     0.61450267               
5.05                     0.61430675               
5.06                     0.614111                 
5.07                     0.6139155                
5.08                     0.6137201                
5.09                     0.613525                 
5.1                      0.61333                  
5.11                     0.6131353                
5.12                     0.61294067               
5.13                     0.6127463                
5.14                     0.61255217               
5.15                     0.61235815               
5.16                     0.6121643                
5.17                     0.6119707                
5.18                     0.6117773                
5.19                     0.6115841                
5.2                      0.61139107               
5.21                     0.61119825               
5.22                     0.61100554               
5.23                     0.6108131                
5.24                     0.6106208                
5.25                     0.61042875               
5.26                     0.6102368                
5.27                     0.61004514               
5.28                     0.60985357               
5.29                     0.60966223               
5.3                      0.6094711                
5.31                     0.6092801                
5.32                     0.6090893                
5.33                     0.6088987                
5.34                     0.60870826               
5.35                     0.608518                 
5.36                     0.608328                 
5.37                     0.6081381                
5.38                     0.6079484                
5.39                     0.6077589                
5.4                      0.6075696                
5.41                     0.60738045               
5.42                     0.6071915                
5.43                     0.60700274               
5.44                     0.6068141                
5.45                     0.6066257                
5.46                     0.60643744               
5.47                     0.6062494                
5.48                     0.6060615                
5.49                     0.6058739                
5.5                      0.60568637               
5.51                     0.605499                 
5.52                     0.6053119                
5.53                     0.6051249                
5.54                     0.6049381                
5.55                     0.60475147               
5.56                     0.604565                 
5.57                     0.60437876               
5.58                     0.6041927                
5.59                     0.60400677               
5.6                      0.60382104               
5.61                     0.6036355                
5.62                     0.6034501                
5.63                     0.6032649                
5.64                     0.60307986               
5.65                     0.602895                 
5.66                     0.60271037               
5.67                     0.60252583               
5.68                     0.60234153               
5.69                     0.60215735               
5.7                      0.6019734                
5.71                     0.6017896                
5.72                     0.60160595               
5.73                     0.6014225                
5.74                     0.6012392                
5.75                     0.6010561                
5.76                     0.6008732                
5.77                     0.60069036               
5.78                     0.6005078                
5.79                     0.60032535               
5.8                      0.60014313               
5.81                     0.59996104               
5.82                     0.5997791                
5.83                     0.5995974                
5.84                     0.5994158                
5.85                     0.5992344                
5.86                     0.59905314               
5.87                     0.59887207               
5.88                     0.59869117               
5.89                     0.5985104                
5.9                      0.5983298                
5.91                     0.59814936               
5.92                     0.59796906               
5.93                     0.597789                 
5.94                     0.59760904               
5.95                     0.5974293                
5.96                     0.5972497                
5.97                     0.5970702                
5.98                     0.5968909                
5.99                     0.5967118                
6.0                      0.5965329                
6.01                     0.5963541                
6.02                     0.5961755                
6.03                     0.59599704               
6.04                     0.5958187                
6.05                     0.5956406                
6.06                     0.5954626                
6.07                     0.5952848                
6.08                     0.59510714               
6.09                     0.5949297                
6.1                      0.5947524                
6.11                     0.59457517               
6.12                     0.5943982                
6.13                     0.59422135               
6.14                     0.5940447                
6.15                     0.59386814               
6.16                     0.59369177               
6.17                     0.5935156                
6.18                     0.5933395                
6.19                     0.59316367               
6.2                      0.5929879                
6.21                     0.59281236               
6.22                     0.59263694               
6.23                     0.5924617                
6.24                     0.5922866                
6.25                     0.59211165               
6.26                     0.5919369                
6.27                     0.59176224               
6.28                     0.5915878                
6.29                     0.5914135                
6.3                      0.59123933               
6.31                     0.59106535               
6.32                     0.5908915                
6.33                     0.5907178                
6.34                     0.5905443                
6.35                     0.5903709                
6.36                     0.5901977                
6.37                     0.59002465               
6.38                     0.58985174               
6.39                     0.58967894               
6.4                      0.5895063                
6.41                     0.5893339                
6.42                     0.58916163               
6.43                     0.5889895                
6.44                     0.5888175                
6.45                     0.58864564               
6.46                     0.588474                 
6.47                     0.58830243               
6.48                     0.588131                 
6.49                     0.58795977               
6.5                      0.58778864               
6.51                     0.5876177                
6.52                     0.58744687               
6.53                     0.5872762                
6.54                     0.5871057                
6.55                     0.58693534               
6.56                     0.5867651                
6.57                     0.58659506               
6.58                     0.5864252                
6.59                     0.5862554                
6.6                      0.5860858                
6.61                     0.5859163                
6.62                     0.58574694               
6.63                     0.5855778                
6.64                     0.58540875               
6.65                     0.5852399                
6.66                     0.58507115               
6.67                     0.5849025                
6.68                     0.5847341                
6.69                     0.5845658                
6.7                      0.5843977                
6.71                     0.58422965               
6.72                     0.58406174               
6.73                     0.5838941                
6.74                     0.58372647               
6.75                     0.58355904               
6.76                     0.5833917                
6.77                     0.5832246                
6.78                     0.5830576                
6.79                     0.58289075               
6.8                      0.58272403               
6.81                     0.58255744               
6.82                     0.582391                 
6.83                     0.5822247                
6.84                     0.5820586                
6.85                     0.5818926                
6.86                     0.58172673               
6.87                     0.581561                 
6.88                     0.58139545               
6.89                     0.58123004               
6.9                      0.5810647                
6.91                     0.5808996                
6.92                     0.58073455               
6.93                     0.5805697                
6.94                     0.58040494               
6.95                     0.58024037               
6.96                     0.5800759                
6.97                     0.5799116                
6.98                     0.57974744               
6.99                     0.5795834                
7.0                      0.5794195                
7.01                     0.5792557                
7.02                     0.5790921                
7.03                     0.57892865               
7.04                     0.5787653                
7.05                     0.5786021                
7.06                     0.578439                 
7.07                     0.57827604               
7.08                     0.57811326               
7.09                     0.5779506                
7.1                      0.57778805               
7.11                     0.57762563               
7.12                     0.5774634                
7.13                     0.5773012                
7.14                     0.57713926               
7.15                     0.5769774                
7.16                     0.57681566               
7.17                     0.5766541                
7.18                     0.5764926                
7.19                     0.57633126               
7.2                      0.5761701                
7.21                     0.57600904               
7.22                     0.5758481                
7.23                     0.5756873                
7.24                     0.57552665               
7.25                     0.57536614               
7.26                     0.57520574               
7.27                     0.57504547               
7.28                     0.5748853                
7.29                     0.57472533               
7.3                      0.5745655                
7.31                     0.5744057                
7.32                     0.5742461                
7.33                     0.57408667               
7.34                     0.57392734               
7.35                     0.57376814               
7.36                     0.57360905               
7.37                     0.5734501                
7.38                     0.57329124               
7.39                     0.5731326                
7.4                      0.572974                 
7.41                     0.5728156                
7.42                     0.5726573                
7.43                     0.5724991                
7.44                     0.5723411                
7.45                     0.57218313               
7.46                     0.57202536               
7.47                     0.5718677                
7.48                     0.57171017               
7.49                     0.57155275               
7.5                      0.57139546               
7.51                     0.57123834               
7.52                     0.57108134               
7.53                     0.5709244                
7.54                     0.57076764               
7.55                     0.570611                 
7.56                     0.5704545                
7.57                     0.57029814               
7.58                     0.57014185               
7.59                     0.5699857                
7.6                      0.5698297                
7.61                     0.56967384               
7.62                     0.569518                 
7.63                     0.5693624                
7.64                     0.5692069                
7.65                     0.5690515                
7.66                     0.56889623               
7.67                     0.56874114               
7.68                     0.5685861                
7.69                     0.5684312                
7.7                      0.56827646               
7.71                     0.5681218                
7.72                     0.56796724               
7.73                     0.56781286               
7.74                     0.5676586                
7.75                     0.5675044                
7.76                     0.5673504                
7.77                     0.5671965                
7.78                     0.5670427                
7.79                     0.56688905               
7.8                      0.5667355                
7.81                     0.5665821                
7.82                     0.5664288                
7.83                     0.5662756                
7.84                     0.56612253               
7.85                     0.5659696                
7.86                     0.56581676               
7.87                     0.56566405               
7.88                     0.56551147               
7.89                     0.565359                 
7.9                      0.56520665               
7.91                     0.5650545                
7.92                     0.56490237               
7.93                     0.5647504                
7.94                     0.5645985                
7.95                     0.56444675               
7.96                     0.5642951                
7.97                     0.5641436                
7.98                     0.56399226               
7.99                     0.563841                 
8.0                      0.5636898                
8.01                     0.5635388                
8.02                     0.5633879                
8.03                     0.5632371                
8.04                     0.5630864                
8.05                     0.5629358                
8.06                     0.5627854                
8.07                     0.56263506               
8.08                     0.5624848                
8.09                     0.5623347                
8.1                      0.56218475               
8.11                     0.5620349                
8.12                     0.5618851                
8.13                     0.5617355                
8.14                     0.56158596               
8.15                     0.5614366                
8.16                     0.5612873                
8.17                     0.5611381                
8.18                     0.5609891                
8.19                     0.56084013               
8.2                      0.5606913                
8.21                     0.5605426                
8.22                     0.560394                 
8.23                     0.5602455                
8.24                     0.5600971                
8.25                     0.55994886               
8.26                     0.55980074               
8.27                     0.5596527                
8.28                     0.55950475               
8.29                     0.5593569                
8.3                      0.5592092                
8.31                     0.55906165               
8.32                     0.5589142                
8.33                     0.55876684               
8.34                     0.55861956               
8.35                     0.55847245               
8.36                     0.5583254                
8.37                     0.5581785                
8.38                     0.5580317                
8.39                     0.557885                 
8.4                      0.5577384                
8.41                     0.557592                 
8.42                     0.5574456                
8.43                     0.5572994                
8.44                     0.5571532                
8.45                     0.5570072                
8.46                     0.5568613                
8.47                     0.5567154                
8.48                     0.55656976               
8.49                     0.55642414               
8.5                      0.5562787                
8.51                     0.55613333               
8.52                     0.5559881                
8.53                     0.5558429                
8.54                     0.55569786               
8.55                     0.5555529                
8.56                     0.55540806               
8.57                     0.55526334               
8.58                     0.55511874               
8.59                     0.55497426               
8.6                      0.55482984               
8.61                     0.55468553               
8.62                     0.5545414                
8.63                     0.5543973                
8.64                     0.55425334               
8.65                     0.55410945               
8.66                     0.55396575               
8.67                     0.5538221                
8.68                     0.5536785                
8.69                     0.5535351                
8.7                      0.55339175               
8.71                     0.5532486                
8.72                     0.5531055                
8.73                     0.5529624                
8.74                     0.55281955               
8.75                     0.55267674               
8.76                     0.55253404               
8.77                     0.55239147               
8.78                     0.55224895               
8.79                     0.55210656               
8.8                      0.55196434               
8.81                     0.5518221                
8.82                     0.5516801                
8.83                     0.5515381                
8.84                     0.55139625               
8.85                     0.5512545                
8.86                     0.5511129                
8.87                     0.5509713                
8.88                     0.5508299                
8.89                     0.55068856               
8.9                      0.5505473                
8.91                     0.55040616               
8.92                     0.55026513               
8.93                     0.5501242                
8.94                     0.5499834                
8.95                     0.54984266               
8.96                     0.54970205               
8.97                     0.54956156               
8.98                     0.54942113               
8.99                     0.5492808                
9.0                      0.54914063               
9.01                     0.5490005                
9.02                     0.5488605                
9.03                     0.5487206                
9.04                     0.54858077               
9.05                     0.54844105               
9.06                     0.54830146               
9.07                     0.548162                 
9.08                     0.54802257               
9.09                     0.5478833                
9.1                      0.5477441                
9.11                     0.547605                 
9.12                     0.547466                 
9.13                     0.5473271                
9.14                     0.5471883                
9.15                     0.5470496                
9.16                     0.546911                 
9.17                     0.5467725                
9.18                     0.5466341                
9.19                     0.5464958                
9.2                      0.5463576                
9.21                     0.54621947               
9.22                     0.5460815                
9.23                     0.54594356               
9.24                     0.54580575               
9.25                     0.54566807               
9.26                     0.54553044               
9.27                     0.54539293               
9.28                     0.5452555                
9.29                     0.5451182                
9.3                      0.54498094               
9.31                     0.54484385               
9.32                     0.5447068                
9.33                     0.54456985               
9.34                     0.54443306               
9.35                     0.54429626               
9.36                     0.54415965               
9.37                     0.5440231                
9.38                     0.54388666               
9.39                     0.5437503                
9.4                      0.54361403               
9.41                     0.5434779                
9.42                     0.5433418                
9.43                     0.54320586               
9.44                     0.54306996               
9.45                     0.5429342                
9.46                     0.5427985                
9.47                     0.5426629                
9.48                     0.54252744               
9.49                     0.5423921                
9.5                      0.5422568                
9.51                     0.5421215                
9.52                     0.54198647               
9.53                     0.5418514                
9.54                     0.5417165                
9.55                     0.5415817                
9.56                     0.5414469                
9.57                     0.5413123                
9.58                     0.54117775               
9.59                     0.5410433                
9.6                      0.54090893               
9.61                     0.5407747                
9.62                     0.54064053               
9.63                     0.5405064                
9.64                     0.54037243               
9.65                     0.54023856               
9.66                     0.54010475               
9.67                     0.53997105               
9.68                     0.5398375                
9.69                     0.53970397               
9.7                      0.5395705                
9.71                     0.5394372                
9.72                     0.53930396               
9.73                     0.5391708                
9.74                     0.53903776               
9.75                     0.5389048                
9.76                     0.5387719                
9.77                     0.5386391                
9.78                     0.53850645               
9.79                     0.5383738                
9.8                      0.5382413                
9.81                     0.53810894               
9.82                     0.5379766                
9.83                     0.53784436               
9.84                     0.5377122                
9.85                     0.5375802                
9.86                     0.5374482                
9.87                     0.5373163                
9.88                     0.5371846                
9.89                     0.53705287               
9.9                      0.53692126               
9.91                     0.5367898                
9.92                     0.53665835               
9.93                     0.53652704               
9.94                     0.5363958                
9.95                     0.53626466               
9.96                     0.5361336                
9.97                     0.53600264               
9.98                     0.53587174               
9.99                     0.535741                 
10.0                     0.53561026               
