% x                      
0.0                      1.0                      
0.01                     0.7691723                
0.02                     0.76899135               
0.03                     0.7688537                
0.04                     0.76871717               
0.05                     0.76858073               
0.06                     0.76844436               
0.07                     0.76830804               
0.08                     0.7681717                
0.09                     0.7680355                
0.1                      0.76789916               
0.11                     0.76776296               
0.12                     0.76762694               
0.13                     0.76749086               
0.14                     0.7673548                
0.15                     0.7672187                
0.16                     0.76708263               
0.17                     0.76694655               
0.18                     0.76681054               
0.19                     0.76667446               
0.2                      0.76653844               
0.21                     0.76640284               
0.22                     0.76626724               
0.23                     0.7661316                
0.24                     0.765996                 
0.25                     0.7658604                
0.26                     0.7657248                
0.27                     0.7655891                
0.28                     0.7654535                
0.29                     0.7653179                
0.3                      0.76518226               
0.31                     0.76504666               
0.32                     0.76491106               
0.33                     0.7647754                
0.34                     0.7646398                
0.35                     0.7645042                
0.36                     0.76436853               
0.37                     0.76423293               
0.38                     0.76409733               
0.39                     0.7639622                
0.4                      0.7638275                
0.41                     0.76369274               
0.42                     0.76355803               
0.43                     0.7634233                
0.44                     0.76328856               
0.45                     0.76315385               
0.46                     0.76301914               
0.47                     0.7628844                
0.48                     0.7627497                
0.49                     0.7626149                
0.5                      0.7624802                
0.51                     0.7623455                
0.52                     0.7622107                
0.53                     0.762076                 
0.54                     0.7619413                
0.55                     0.76180655               
0.56                     0.76167184               
0.57                     0.7615371                
0.58                     0.76140237               
0.59                     0.76126766               
0.6                      0.7611329                
0.61                     0.7609982                
0.62                     0.7608635                
0.63                     0.7607287                
0.64                     0.760594                 
0.65                     0.76045924               
0.66                     0.76032454               
0.67                     0.76018983               
0.68                     0.76005507               
0.69                     0.75992036               
0.7                      0.75978565               
0.71                     0.7596509                
0.72                     0.7595162                
0.73                     0.7593814                
0.74                     0.7592467                
0.75                     0.759112                 
0.76                     0.7589776                
0.77                     0.7588437                
0.78                     0.75870985               
0.79                     0.75857604               
0.8                      0.75844216               
0.81                     0.75830835               
0.82                     0.7581745                
0.83                     0.75804067               
0.84                     0.7579068                
0.85                     0.757773                 
0.86                     0.7576391                
0.87                     0.7575053                
0.88                     0.7573714                
0.89                     0.7572376                
0.9                      0.75710374               
0.91                     0.7569699                
0.92                     0.75683606               
0.93                     0.7567022                
0.94                     0.7565684                
0.95                     0.7564345                
0.96                     0.7563007                
0.97                     0.7561668                
0.98                     0.756033                 
0.99                     0.75589913               
1.0                      0.7557653                
1.01                     0.75563145               
1.02                     0.75549763               
1.03                     0.75536376               
1.04                     0.75522995               
1.05                     0.7550961                
1.06                     0.7549622                
1.07                     0.7548284                
1.08                     0.7546945                
1.09                     0.7545607                
1.1                      0.75442684               
1.11                     0.754293                 
1.12                     0.75415915               
1.13                     0.75402546               
1.14                     0.7538925                
1.15                     0.7537595                
1.16                     0.7536265                
1.17                     0.75349355               
1.18                     0.7533606                
1.19                     0.75322765               
1.2                      0.7530947                
1.21                     0.7529617                
1.22                     0.7528287                
1.23                     0.7526958                
1.24                     0.7525628                
1.25                     0.75242984               
1.26                     0.75229686               
1.27                     0.7521639                
1.28                     0.75203097               
1.29                     0.751898                 
1.3                      0.751765                 
1.31                     0.75163203               
1.32                     0.75149906               
1.33                     0.75136614               
1.34                     0.75123316               
1.35                     0.7511002                
1.36                     0.7509672                
1.37                     0.7508342                
1.38                     0.7507013                
1.39                     0.75056833               
1.4                      0.75043535               
1.41                     0.7503024                
1.42                     0.75016946               
1.43                     0.7500365                
1.44                     0.7499035                
1.45                     0.7497705                
1.46                     0.74963754               
1.47                     0.7495046                
1.48                     0.74937165               
1.49                     0.74923867               
1.5                      0.7491057                
1.51                     0.7489731                
1.52                     0.74884045               
1.53                     0.7487079                
1.54                     0.7485753                
1.55                     0.74844277               
1.56                     0.7483102                
1.57                     0.7481777                
1.58                     0.74804527               
1.59                     0.74791276               
1.6                      0.7477803                
1.61                     0.7476479                
1.62                     0.74751544               
1.63                     0.74738306               
1.64                     0.7472507                
1.65                     0.7471183                
1.66                     0.746986                 
1.67                     0.74685365               
1.68                     0.7467213                
1.69                     0.74658906               
1.7                      0.7464568                
1.71                     0.74632454               
1.72                     0.7461923                
1.73                     0.7460601                
1.74                     0.7459279                
1.75                     0.7457957                
1.76                     0.7456636                
1.77                     0.74553144               
1.78                     0.7453993                
1.79                     0.7452672                
1.8                      0.74513507               
1.81                     0.74500304               
1.82                     0.74487096               
1.83                     0.74473894               
1.84                     0.7446069                
1.85                     0.74447495               
1.86                     0.744343                 
1.87                     0.744211                 
1.88                     0.74407905               
1.89                     0.74394715               
1.9                      0.74381524               
1.91                     0.74368334               
1.92                     0.7435515                
1.93                     0.74341965               
1.94                     0.7432878                
1.95                     0.743156                 
1.96                     0.7430242                
1.97                     0.74289244               
1.98                     0.74276066               
1.99                     0.74262893               
2.0                      0.7424972                
2.01                     0.7423655                
2.02                     0.7422338                
2.03                     0.74210215               
2.04                     0.7419705                
2.05                     0.7418389                
2.06                     0.74170727               
2.07                     0.74157566               
2.08                     0.7414441                
2.09                     0.74131256               
2.1                      0.741181                 
2.11                     0.74104947               
2.12                     0.740918                 
2.13                     0.7407865                
2.14                     0.740655                 
2.15                     0.7405236                
2.16                     0.74039215               
2.17                     0.7402607                
2.18                     0.74012935               
2.19                     0.739998                 
2.2                      0.7398666                
2.21                     0.7397353                
2.22                     0.739604                 
2.23                     0.7394727                
2.24                     0.7393414                
2.25                     0.7392102                
2.26                     0.73907906               
2.27                     0.7389479                
2.28                     0.73881686               
2.29                     0.7386858                
2.3                      0.7385548                
2.31                     0.73842376               
2.32                     0.73829275               
2.33                     0.73816174               
2.34                     0.7380308                
2.35                     0.7378999                
2.36                     0.73776895               
2.37                     0.73763806               
2.38                     0.73750716               
2.39                     0.73737633               
2.4                      0.7372455                
2.41                     0.7371147                
2.42                     0.7369839                
2.43                     0.7368532                
2.44                     0.7367224                
2.45                     0.7365917                
2.46                     0.736461                 
2.47                     0.73633033               
2.48                     0.7361997                
2.49                     0.736069                 
2.5                      0.73593843               
2.51                     0.73580784               
2.52                     0.73567724               
2.53                     0.7355467                
2.54                     0.7354162                
2.55                     0.73528564               
2.56                     0.73515517               
2.57                     0.7350247                
2.58                     0.7348943                
2.59                     0.73476386               
2.6                      0.73463345               
2.61                     0.73450303               
2.62                     0.7343727                
2.63                     0.7342424                
2.64                     0.734112                 
2.65                     0.7339817                
2.66                     0.7338515                
2.67                     0.73372126               
2.68                     0.733591                 
2.69                     0.7334608                
2.7                      0.7333306                
2.71                     0.73320043               
2.72                     0.7330703                
2.73                     0.7329402                
2.74                     0.7328101                
2.75                     0.73267996               
2.76                     0.7325499                
2.77                     0.7324199                
2.78                     0.7322899                
2.79                     0.7321599                
2.8                      0.7320299                
2.81                     0.7319                   
2.82                     0.73177004               
2.83                     0.7316401                
2.84                     0.7315102                
2.85                     0.73138034               
2.86                     0.7312505                
2.87                     0.7311207                
2.88                     0.7309909                
2.89                     0.7308611                
2.9                      0.73073137               
2.91                     0.7306016                
2.92                     0.7304719                
2.93                     0.7303422                
2.94                     0.7302125                
2.95                     0.73008287               
2.96                     0.7299532                
2.97                     0.72982365               
2.98                     0.72969407               
2.99                     0.7295645                
3.0                      0.72943497               
3.01                     0.7293055                
3.02                     0.72917604               
3.03                     0.72904664               
3.04                     0.72891724               
3.05                     0.72878784               
3.06                     0.7286585                
3.07                     0.72852916               
3.08                     0.7283998                
3.09                     0.72827053               
3.1                      0.72814125               
3.11                     0.728012                 
3.12                     0.7278828                
3.13                     0.7277536                
3.14                     0.7276244                
3.15                     0.72749525               
3.16                     0.7273661                
3.17                     0.727237                 
3.18                     0.7271079                
3.19                     0.72697884               
3.2                      0.7268498                
3.21                     0.72672075               
3.22                     0.72659177               
3.23                     0.7264628                
3.24                     0.72633386               
3.25                     0.72620493               
3.26                     0.726076                 
3.27                     0.72594714               
3.28                     0.7258183                
3.29                     0.7256894                
3.3                      0.7255606                
3.31                     0.7254318                
3.32                     0.72530305               
3.33                     0.72517425               
3.34                     0.72504556               
3.35                     0.7249168                
3.36                     0.7247882                
3.37                     0.7246595                
3.38                     0.7245309                
3.39                     0.72440225               
3.4                      0.7242737                
3.41                     0.7241451                
3.42                     0.72401655               
3.43                     0.72388804               
3.44                     0.72375953               
3.45                     0.723631                 
3.46                     0.7235026                
3.47                     0.7233741                
3.48                     0.72324574               
3.49                     0.72311735               
3.5                      0.72298896               
3.51                     0.72286063               
3.52                     0.7227323                
3.53                     0.72260404               
3.54                     0.72247577               
3.55                     0.7223475                
3.56                     0.7222193                
3.57                     0.7220911                
3.58                     0.72196287               
3.59                     0.7218347                
3.6                      0.72170657               
3.61                     0.7215785                
3.62                     0.7214504                
3.63                     0.7213223                
3.64                     0.72119427               
3.65                     0.72106624               
3.66                     0.7209382                
3.67                     0.72081023               
3.68                     0.72068226               
3.69                     0.72055435               
3.7                      0.72042644               
3.71                     0.7202985                
3.72                     0.7201707                
3.73                     0.7200428                
3.74                     0.71991503               
3.75                     0.71978724               
3.76                     0.71965945               
3.77                     0.7195317                
3.78                     0.719404                 
3.79                     0.71927625               
3.8                      0.7191486                
3.81                     0.7190209                
3.82                     0.7188933                
3.83                     0.7187657                
3.84                     0.71863806               
3.85                     0.7185105                
3.86                     0.71838295               
3.87                     0.71825546               
3.88                     0.7181279                
3.89                     0.7180005                
3.9                      0.717873                 
3.91                     0.71774554               
3.92                     0.71761817               
3.93                     0.7174908                
3.94                     0.7173634                
3.95                     0.71723604               
3.96                     0.7171087                
3.97                     0.7169815                
3.98                     0.71685416               
3.99                     0.7167269                
4.0                      0.7165997                
4.01                     0.7164725                
4.02                     0.7163453                
4.03                     0.7162181                
4.04                     0.716091                 
4.05                     0.7159639                
4.06                     0.71583676               
4.07                     0.71570975               
4.08                     0.71558267               
4.09                     0.71545565               
4.1                      0.71532863               
4.11                     0.7152017                
4.12                     0.7150747                
4.13                     0.71494776               
4.14                     0.71482086               
4.15                     0.71469396               
4.16                     0.7145671                
4.17                     0.7144403                
4.18                     0.71431345               
4.19                     0.71418667               
4.2                      0.7140599                
4.21                     0.7139331                
4.22                     0.7138064                
4.23                     0.7136797                
4.24                     0.713553                 
4.25                     0.71342635               
4.26                     0.7132997                
4.27                     0.7131731                
4.28                     0.7130465                
4.29                     0.7129199                
4.3                      0.71279335               
4.31                     0.71266687               
4.32                     0.7125403                
4.33                     0.71241385               
4.34                     0.7122874                
4.35                     0.71216094               
4.36                     0.7120346                
4.37                     0.71190816               
4.38                     0.7117818                
4.39                     0.71165544               
4.4                      0.71152914               
4.41                     0.71140283               
4.42                     0.7112766                
4.43                     0.7111503                
4.44                     0.7110241                
4.45                     0.71089786               
4.46                     0.7107717                
4.47                     0.71064556               
4.48                     0.7105194                
4.49                     0.71039325               
4.5                      0.7102672                
4.51                     0.7101411                
4.52                     0.71001506               
4.53                     0.70988905               
4.54                     0.70976305               
4.55                     0.70963705               
4.56                     0.7095111                
4.57                     0.70938516               
4.58                     0.7092593                
4.59                     0.7091334                
4.6                      0.7090075                
4.61                     0.7088817                
4.62                     0.70875585               
4.63                     0.70863                  
4.64                     0.70850426               
4.65                     0.7083785                
4.66                     0.7082528                
4.67                     0.7081271                
4.68                     0.7080014                
4.69                     0.7078757                
4.7                      0.7077501                
4.71                     0.70762444               
4.72                     0.70749885               
4.73                     0.70737326               
4.74                     0.70724773               
4.75                     0.7071222                
4.76                     0.7069967                
4.77                     0.70687115               
4.78                     0.7067457                
4.79                     0.7066202                
4.8                      0.7064948                
4.81                     0.70636934               
4.82                     0.706244                 
4.83                     0.7061186                
4.84                     0.70599324               
4.85                     0.70586795               
4.86                     0.70574266               
4.87                     0.70561737               
4.88                     0.7054921                
4.89                     0.70536685               
4.9                      0.7052416                
4.91                     0.70511645               
4.92                     0.7049913                
4.93                     0.7048662                
4.94                     0.704741                 
4.95                     0.7046159                
4.96                     0.70449084               
4.97                     0.7043658                
4.98                     0.70424074               
4.99                     0.70411575               
5.0                      0.70399076               
5.01                     0.70386577               
5.02                     0.70374084               
5.03                     0.7036159                
5.04                     0.70349103               
5.05                     0.7033661                
5.06                     0.7032413                
5.07                     0.7031164                
5.08                     0.7029916                
5.09                     0.70286685               
5.1                      0.7027421                
5.11                     0.70261735               
5.12                     0.7024926                
5.13                     0.7023679                
5.14                     0.7022432                
5.15                     0.7021186                
5.16                     0.70199394               
5.17                     0.7018693                
5.18                     0.70174474               
5.19                     0.70162016               
5.2                      0.70149565               
5.21                     0.70137113               
5.22                     0.7012466                
5.23                     0.7011221                
5.24                     0.70099765               
5.25                     0.70087326               
5.26                     0.70074886               
5.27                     0.70062447               
5.28                     0.7005001                
5.29                     0.70037574               
5.3                      0.7002514                
5.31                     0.7001271                
5.32                     0.70000285               
5.33                     0.6998786                
5.34                     0.69975436               
5.35                     0.69963014               
5.36                     0.699506                 
5.37                     0.69938177               
5.38                     0.6992577                
5.39                     0.6991335                
5.4                      0.6990094                
5.41                     0.6988854                
5.42                     0.6987613                
5.43                     0.69863725               
5.44                     0.69851327               
5.45                     0.6983893                
5.46                     0.6982653                
5.47                     0.6981414                
5.48                     0.6980174                
5.49                     0.69789356               
5.5                      0.6977697                
5.51                     0.69764584               
5.52                     0.697522                 
5.53                     0.6973982                
5.54                     0.6972744                
5.55                     0.69715065               
5.56                     0.6970269                
5.57                     0.69690317               
5.58                     0.6967795                
5.59                     0.6966558                
5.6                      0.69653213               
5.61                     0.6964085                
5.62                     0.6962849                
5.63                     0.6961613                
5.64                     0.69603777               
5.65                     0.6959142                
5.66                     0.6957907                
5.67                     0.6956672                
5.68                     0.6955437                
5.69                     0.69542027               
5.7                      0.6952968                
5.71                     0.69517344               
5.72                     0.69505006               
5.73                     0.6949267                
5.74                     0.69480336               
5.75                     0.69468004               
5.76                     0.6945567                
5.77                     0.6944334                
5.78                     0.6943101                
5.79                     0.69418687               
5.8                      0.69406366               
5.81                     0.69394046               
5.82                     0.69381726               
5.83                     0.6936941                
5.84                     0.693571                 
5.85                     0.6934478                
5.86                     0.69332474               
5.87                     0.69320166               
5.88                     0.69307864               
5.89                     0.69295555               
5.9                      0.6928326                
5.91                     0.69270957               
5.92                     0.6925866                
5.93                     0.6924637                
5.94                     0.69234073               
5.95                     0.6922178                
5.96                     0.692095                 
5.97                     0.69197214               
5.98                     0.6918493                
5.99                     0.69172645               
6.0                      0.69160366               
6.01                     0.69148093               
6.02                     0.69135815               
6.03                     0.6912354                
6.04                     0.69111276               
6.05                     0.69099003               
6.06                     0.69086736               
6.07                     0.69074476               
6.08                     0.69062215               
6.09                     0.69049954               
6.1                      0.690377                 
6.11                     0.69025445               
6.12                     0.6901319                
6.13                     0.6900094                
6.14                     0.6898869                
6.15                     0.68976444               
6.16                     0.689642                 
6.17                     0.6895196                
6.18                     0.6893972                
6.19                     0.6892748                
6.2                      0.6891525                
6.21                     0.6890301                
6.22                     0.6889078                
6.23                     0.68878555               
6.24                     0.6886633                
6.25                     0.68854105               
6.26                     0.6884188                
6.27                     0.6882966                
6.28                     0.6881744                
6.29                     0.6880523                
6.3                      0.68793017               
6.31                     0.68780804               
6.32                     0.68768597               
6.33                     0.6875639                
6.34                     0.6874418                
6.35                     0.6873198                
6.36                     0.6871978                
6.37                     0.6870758                
6.38                     0.68695384               
6.39                     0.68683195               
6.4                      0.68671                  
6.41                     0.6865881                
6.42                     0.6864663                
6.43                     0.6863444                
6.44                     0.68622255               
6.45                     0.6861008                
6.46                     0.685979                 
6.47                     0.68585724               
6.48                     0.68573546               
6.49                     0.68561375               
6.5                      0.6854921                
6.51                     0.6853704                
6.52                     0.68524873               
6.53                     0.68512714               
6.54                     0.6850055                
6.55                     0.68488395               
6.56                     0.68476236               
6.57                     0.6846408                
6.58                     0.6845193                
6.59                     0.6843978                
6.6                      0.68427634               
6.61                     0.68415487               
6.62                     0.68403345               
6.63                     0.68391204               
6.64                     0.6837906                
6.65                     0.68366927               
6.66                     0.6835479                
6.67                     0.6834266                
6.68                     0.6833053                
6.69                     0.683184                 
6.7                      0.68306273               
6.71                     0.6829415                
6.72                     0.6828203                
6.73                     0.68269914               
6.74                     0.68257797               
6.75                     0.6824568                
6.76                     0.6823356                
6.77                     0.6822145                
6.78                     0.6820934                
6.79                     0.6819723                
6.8                      0.68185127               
6.81                     0.6817302                
6.82                     0.6816092                
6.83                     0.6814882                
6.84                     0.6813672                
6.85                     0.6812463                
6.86                     0.68112534               
6.87                     0.68100446               
6.88                     0.6808835                
6.89                     0.6807627                
6.9                      0.68064183               
6.91                     0.680521                 
6.92                     0.6804002                
6.93                     0.68027943               
6.94                     0.6801587                
6.95                     0.6800379                
6.96                     0.6799172                
6.97                     0.6797965                
6.98                     0.6796759                
6.99                     0.6795552                
7.0                      0.6794346                
7.01                     0.67931396               
7.02                     0.6791934                
7.03                     0.6790728                
7.04                     0.6789523                
7.05                     0.67883176               
7.06                     0.67871124               
7.07                     0.6785908                
7.08                     0.6784703                
7.09                     0.67834985               
7.1                      0.67822945               
7.11                     0.67810905               
7.12                     0.6779887                
7.13                     0.67786837               
7.14                     0.677748                 
7.15                     0.6776277                
7.16                     0.6775074                
7.17                     0.6773872                
7.18                     0.6772669                
7.19                     0.6771467                
7.2                      0.6770265                
7.21                     0.6769063                
7.22                     0.6767862                
7.23                     0.676666                 
7.24                     0.6765459                
7.25                     0.6764258                
7.26                     0.6763058                
7.27                     0.67618567               
7.28                     0.6760657                
7.29                     0.67594564               
7.3                      0.67582566               
7.31                     0.67570573               
7.32                     0.67558575               
7.33                     0.6754659                
7.34                     0.67534596               
7.35                     0.6752261                
7.36                     0.6751062                
7.37                     0.67498636               
7.38                     0.67486656               
7.39                     0.6747468                
7.4                      0.674627                 
7.41                     0.67450726               
7.42                     0.6743875                
7.43                     0.6742678                
7.44                     0.67414814               
7.45                     0.6740285                
7.46                     0.6739088                
7.47                     0.6737892                
7.48                     0.67366964               
7.49                     0.67355007               
7.5                      0.6734305                
7.51                     0.673311                 
7.52                     0.6731915                
7.53                     0.673072                 
7.54                     0.67295253               
7.55                     0.6728331                
7.56                     0.67271364               
7.57                     0.67259425               
7.58                     0.67247486               
7.59                     0.6723555                
7.6                      0.67223614               
7.61                     0.6721168                
7.62                     0.67199755               
7.63                     0.6718783                
7.64                     0.671759                 
7.65                     0.6716398                
7.66                     0.6715206                
7.67                     0.6714014                
7.68                     0.67128223               
7.69                     0.6711631                
7.7                      0.67104393               
7.71                     0.67092484               
7.72                     0.67080575               
7.73                     0.6706867                
7.74                     0.67056763               
7.75                     0.6704486                
7.76                     0.67032963               
7.77                     0.67021066               
7.78                     0.6700917                
7.79                     0.6699727                
7.8                      0.6698538                
7.81                     0.6697349                
7.82                     0.66961604               
7.83                     0.6694972                
7.84                     0.66937834               
7.85                     0.66925955               
7.86                     0.6691407                
7.87                     0.66902196               
7.88                     0.6689032                
7.89                     0.6687845                
7.9                      0.66866577               
7.91                     0.6685471                
7.92                     0.6684284                
7.93                     0.66830975               
7.94                     0.66819113               
7.95                     0.6680725                
7.96                     0.66795397               
7.97                     0.6678354                
7.98                     0.66771686               
7.99                     0.6675983                
8.0                      0.6674798                
8.01                     0.6673614                
8.02                     0.6672429                
8.03                     0.66712445               
8.04                     0.6670061                
8.05                     0.66688764               
8.06                     0.66676927               
8.07                     0.66665095               
8.08                     0.6665326                
8.09                     0.6664143                
8.1                      0.666296                 
8.11                     0.66617775               
8.12                     0.6660595                
8.13                     0.6659413                
8.14                     0.66582304               
8.15                     0.6657049                
8.16                     0.6655867                
8.17                     0.6654686                
8.18                     0.6653505                
8.19                     0.66523236               
8.2                      0.6651143                
8.21                     0.66499627               
8.22                     0.6648782                
8.23                     0.6647602                
8.24                     0.6646422                
8.25                     0.66452426               
8.26                     0.6644063                
8.27                     0.66428834               
8.28                     0.66417044               
8.29                     0.66405255               
8.3                      0.6639347                
8.31                     0.66381687               
8.32                     0.66369903               
8.33                     0.6635812                
8.34                     0.6634634                
8.35                     0.6633457                
8.36                     0.6632279                
8.37                     0.6631102                
8.38                     0.66299254               
8.39                     0.6628748                
8.4                      0.6627572                
8.41                     0.66263956               
8.42                     0.66252196               
8.43                     0.66240436               
8.44                     0.66228676               
8.45                     0.6621692                
8.46                     0.6620517                
8.47                     0.6619342                
8.48                     0.6618167                
8.49                     0.66169924               
8.5                      0.6615818                
8.51                     0.66146433               
8.52                     0.661347                 
8.53                     0.66122955               
8.54                     0.6611122                
8.55                     0.6609949                
8.56                     0.6608775                
8.57                     0.6607602                
8.58                     0.660643                 
8.59                     0.66052574               
8.6                      0.6604085                
8.61                     0.66029125               
8.62                     0.6601741                
8.63                     0.6600569                
8.64                     0.65993977               
8.65                     0.6598226                
8.66                     0.6597055                
8.67                     0.6595884                
8.68                     0.65947133               
8.69                     0.65935427               
8.7                      0.65923727               
8.71                     0.65912026               
8.72                     0.65900326               
8.73                     0.6588863                
8.74                     0.65876937               
8.75                     0.6586524                
8.76                     0.65853554               
8.77                     0.65841866               
8.78                     0.6583018                
8.79                     0.65818495               
8.8                      0.6580681                
8.81                     0.6579513                
8.82                     0.65783453               
8.83                     0.65771776               
8.84                     0.65760106               
8.85                     0.6574843                
8.86                     0.65736765               
8.87                     0.65725094               
8.88                     0.6571343                
8.89                     0.65701765               
8.9                      0.65690106               
8.91                     0.6567845                
8.92                     0.6566679                
8.93                     0.6565513                
8.94                     0.6564348                
8.95                     0.6563183                
8.96                     0.6562018                
8.97                     0.6560853                
8.98                     0.65596884               
8.99                     0.65585244               
9.0                      0.655736                 
9.01                     0.6556196                
9.02                     0.6555033                
9.03                     0.6553869                
9.04                     0.65527064               
9.05                     0.6551543                
9.06                     0.655038                 
9.07                     0.65492177               
9.08                     0.65480554               
9.09                     0.6546893                
9.1                      0.6545731                
9.11                     0.6544569                
9.12                     0.65434074               
9.13                     0.65422463               
9.14                     0.6541085                
9.15                     0.6539924                
9.16                     0.6538763                
9.17                     0.65376025               
9.18                     0.65364426               
9.19                     0.6535282                
9.2                      0.6534122                
9.21                     0.65329623               
9.22                     0.6531803                
9.23                     0.65306437               
9.24                     0.65294844               
9.25                     0.65283257               
9.26                     0.6527167                
9.27                     0.6526008                
9.28                     0.652485                 
9.29                     0.6523692                
9.3                      0.6522534                
9.31                     0.65213764               
9.32                     0.6520219                
9.33                     0.6519062                
9.34                     0.65179044               
9.35                     0.65167475               
9.36                     0.6515591                
9.37                     0.6514435                
9.38                     0.65132785               
9.39                     0.6512122                
9.4                      0.65109664               
9.41                     0.65098107               
9.42                     0.65086555               
9.43                     0.65075004               
9.44                     0.6506345                
9.45                     0.6505191                
9.46                     0.65040356               
9.47                     0.65028816               
9.48                     0.6501727                
9.49                     0.6500573                
9.5                      0.649942                 
9.51                     0.6498266                
9.52                     0.64971125               
9.53                     0.6495959                
9.54                     0.64948064               
9.55                     0.64936537               
9.56                     0.6492501                
9.57                     0.6491349                
9.58                     0.64901966               
9.59                     0.64890444               
9.6                      0.6487893                
9.61                     0.64867413               
9.62                     0.64855903               
9.63                     0.6484439                
9.64                     0.6483288                
9.65                     0.64821374               
9.66                     0.6480987                
9.67                     0.6479837                
9.68                     0.64786863               
9.69                     0.64775366               
9.7                      0.6476387                
9.71                     0.64752376               
9.72                     0.6474088                
9.73                     0.6472939                
9.74                     0.647179                 
9.75                     0.64706415               
9.76                     0.6469493                
9.77                     0.6468345                
9.78                     0.6467197                
9.79                     0.6466049                
9.8                      0.6464901                
9.81                     0.64637536               
9.82                     0.6462607                
9.83                     0.64614594               
9.84                     0.64603126               
9.85                     0.6459166                
9.86                     0.64580196               
9.87                     0.64568734               
9.88                     0.6455727                
9.89                     0.64545816               
9.9                      0.6453436                
9.91                     0.64522904               
9.92                     0.64511454               
9.93                     0.64500004               
9.94                     0.64488554               
9.95                     0.6447711                
9.96                     0.64465666               
9.97                     0.6445422                
9.98                     0.64442784               
9.99                     0.64431345               
10.0                     0.64419913               
