% x                      
0.0                      0.07671943               
0.01                     0.076803505              
0.02                     0.07690961               
0.03                     0.077014565              
0.04                     0.077118255              
0.05                     0.07722102               
0.06                     0.07732287               
0.07                     0.0774237                
0.08                     0.07752351               
0.09                     0.07762232               
0.1                      0.077720135              
0.11                     0.07781698               
0.12                     0.07791289               
0.13                     0.07800786               
0.14                     0.07810191               
0.15                     0.078195095              
0.16                     0.07828739               
0.17                     0.07837883               
0.18                     0.07846945               
0.19                     0.07855923               
0.2                      0.0786482                
0.21                     0.078736395              
0.22                     0.07882382               
0.23                     0.07891048               
0.24                     0.07899639               
0.25                     0.07908158               
0.26                     0.07916606               
0.27                     0.079249844              
0.28                     0.079332955              
0.29                     0.0794154                
0.3                      0.0794972                
0.31                     0.079578355              
0.32                     0.07965887               
0.33                     0.07973878               
0.34                     0.07981809               
0.35                     0.079896815              
0.36                     0.079974964              
0.37                     0.08005256               
0.38                     0.080129586              
0.39                     0.08020605               
0.4                      0.08028198               
0.41                     0.080357395              
0.42                     0.08043229               
0.43                     0.08050668               
0.44                     0.08058059               
0.45                     0.08065401               
0.46                     0.08072694               
0.47                     0.0807994                
0.48                     0.0808714                
0.49                     0.080942966              
0.5                      0.08101409               
0.51                     0.08108478               
0.52                     0.081155054              
0.53                     0.08122488               
0.54                     0.0812943                
0.55                     0.08136331               
0.56                     0.08143193               
0.57                     0.08150016               
0.58                     0.08156801               
0.59                     0.08163548               
0.6                      0.081702575              
0.61                     0.081769295              
0.62                     0.081835665              
0.63                     0.08190168               
0.64                     0.08196735               
0.65                     0.08203267               
0.66                     0.08209767               
0.67                     0.08216234               
0.68                     0.08222668               
0.69                     0.082290694              
0.7                      0.082354404              
0.71                     0.08241779               
0.72                     0.082480885              
0.73                     0.08254368               
0.74                     0.08260618               
0.75                     0.08266838               
0.76                     0.08273029               
0.77                     0.082791924              
0.78                     0.08285328               
0.79                     0.08291435               
0.8                      0.08297515               
0.81                     0.08303568               
0.82                     0.083095945              
0.83                     0.08315595               
0.84                     0.0832157                
0.85                     0.08327519               
0.86                     0.08333443               
0.87                     0.083393425              
0.88                     0.08345217               
0.89                     0.083510675              
0.9                      0.083568946              
0.91                     0.083626986              
0.92                     0.08368479               
0.93                     0.08374236               
0.94                     0.08379971               
0.95                     0.083856836              
0.96                     0.08391374               
0.97                     0.083970435              
0.98                     0.08402691               
0.99                     0.08408318               
1.0                      0.08413923               
1.01                     0.08419508               
1.02                     0.084250726              
1.03                     0.08430617               
1.04                     0.08436143               
1.05                     0.08441648               
1.06                     0.08447134               
1.07                     0.084526                 
1.08                     0.08458048               
1.09                     0.08463477               
1.1                      0.08468888               
1.11                     0.08474281               
1.12                     0.08479655               
1.13                     0.08485012               
1.14                     0.08490351               
1.15                     0.08495672               
1.16                     0.08500976               
1.17                     0.08506263               
1.18                     0.085115336              
1.19                     0.08516788               
1.2                      0.085220255              
1.21                     0.08527246               
1.22                     0.08532451               
1.23                     0.085376404              
1.24                     0.08542813               
1.25                     0.085479714              
1.26                     0.08553113               
1.27                     0.0855824                
1.28                     0.08563352               
1.29                     0.08568448               
1.3                      0.0857353                
1.31                     0.08578596               
1.32                     0.085836485              
1.33                     0.085886866              
1.34                     0.085937105              
1.35                     0.0859872                
1.36                     0.08603716               
1.37                     0.08608697               
1.38                     0.086136654              
1.39                     0.08618619               
1.4                      0.086235605              
1.41                     0.086284876              
1.42                     0.08633401               
1.43                     0.08638302               
1.44                     0.0864319                
1.45                     0.08648064               
1.46                     0.086529255              
1.47                     0.08657775               
1.48                     0.08662612               
1.49                     0.08667436               
1.5                      0.08672248               
1.51                     0.08677048               
1.52                     0.08681835               
1.53                     0.08686611               
1.54                     0.08691374               
1.55                     0.08696126               
1.56                     0.08700866               
1.57                     0.087055944              
1.58                     0.087103106              
1.59                     0.08715016               
1.6                      0.08719709               
1.61                     0.08724391               
1.62                     0.08729062               
1.63                     0.087337226              
1.64                     0.08738372               
1.65                     0.0874301                
1.66                     0.08747637               
1.67                     0.08752254               
1.68                     0.087568596              
1.69                     0.08761455               
1.7                      0.0876604                
1.71                     0.08770614               
1.72                     0.08775178               
1.73                     0.087797314              
1.74                     0.08784275               
1.75                     0.087888084              
1.76                     0.08793332               
1.77                     0.087978445              
1.78                     0.088023484              
1.79                     0.08806842               
1.8                      0.088113256              
1.81                     0.088158                 
1.82                     0.08820264               
1.83                     0.088247195              
1.84                     0.088291645              
1.85                     0.088336006              
1.86                     0.08838028               
1.87                     0.088424444              
1.88                     0.08846853               
1.89                     0.08851252               
1.9                      0.08855642               
1.91                     0.08860022               
1.92                     0.08864394               
1.93                     0.08868757               
1.94                     0.0887311                
1.95                     0.088774554              
1.96                     0.088817924              
1.97                     0.0888612                
1.98                     0.08890439               
1.99                     0.08894749               
2.0                      0.08899051               
2.01                     0.08903345               
2.02                     0.089076295              
2.03                     0.08911906               
2.04                     0.089161746              
2.05                     0.08920435               
2.06                     0.08924686               
2.07                     0.0892893                
2.08                     0.08933166               
2.09                     0.08937393               
2.1                      0.089416124              
2.11                     0.089458235              
2.12                     0.08950027               
2.13                     0.089542225              
2.14                     0.089584105              
2.15                     0.0896259                
2.16                     0.089667626              
2.17                     0.089709274              
2.18                     0.08975084               
2.19                     0.08979233               
2.2                      0.08983375               
2.21                     0.089875095              
2.22                     0.089916356              
2.23                     0.08995755               
2.24                     0.08999867               
2.25                     0.090039715              
2.26                     0.090080686              
2.27                     0.09012158               
2.28                     0.090162404              
2.29                     0.09020316               
2.3                      0.09024384               
2.31                     0.09028445               
2.32                     0.09032499               
2.33                     0.090365455              
2.34                     0.09040585               
2.35                     0.09044618               
2.36                     0.09048644               
2.37                     0.090526626              
2.38                     0.09056675               
2.39                     0.0906068                
2.4                      0.09064678               
2.41                     0.0906867                
2.42                     0.09072655               
2.43                     0.090766326              
2.44                     0.090806045              
2.45                     0.09084569               
2.46                     0.090885274              
2.47                     0.090924785              
2.48                     0.090964235              
2.49                     0.09100363               
2.5                      0.09104294               
2.51                     0.0910822                
2.52                     0.09112139               
2.53                     0.09116052               
2.54                     0.091199584              
2.55                     0.09123859               
2.56                     0.091277525              
2.57                     0.091316395              
2.58                     0.09135521               
2.59                     0.09139396               
2.6                      0.09143265               
2.61                     0.09147128               
2.62                     0.09150985               
2.63                     0.09154835               
2.64                     0.0915868                
2.65                     0.091625184              
2.66                     0.09166351               
2.67                     0.091701776              
2.68                     0.09173998               
2.69                     0.09177813               
2.7                      0.091816224              
2.71                     0.09185425               
2.72                     0.09189223               
2.73                     0.09193014               
2.74                     0.091968                 
2.75                     0.0920058                
2.76                     0.09204354               
2.77                     0.09208123               
2.78                     0.09211885               
2.79                     0.092156425              
2.8                      0.09219393               
2.81                     0.09223139               
2.82                     0.09226879               
2.83                     0.09230613               
2.84                     0.09234342               
2.85                     0.09238065               
2.86                     0.09241783               
2.87                     0.092454955              
2.88                     0.09249202               
2.89                     0.092529036              
2.9                      0.09256599               
2.91                     0.09260289               
2.92                     0.092639744              
2.93                     0.09267654               
2.94                     0.09271329               
2.95                     0.092749976              
2.96                     0.09278662               
2.97                     0.0928232                
2.98                     0.09285973               
2.99                     0.09289621               
3.0                      0.09293264               
3.01                     0.092969015              
3.02                     0.09300534               
3.03                     0.093041606              
3.04                     0.09307783               
3.05                     0.093113996              
3.06                     0.09315012               
3.07                     0.093186185              
3.08                     0.0932222                
3.09                     0.093258165              
3.1                      0.093294084              
3.11                     0.09332995               
3.12                     0.093365766              
3.13                     0.09340154               
3.14                     0.09343725               
3.15                     0.09347292               
3.16                     0.093508534              
3.17                     0.0935441                
3.18                     0.09357963               
3.19                     0.09361509               
3.2                      0.09365052               
3.21                     0.093685895              
3.22                     0.09372122               
3.23                     0.0937565                
3.24                     0.09379172               
3.25                     0.093826905              
3.26                     0.09386204               
3.27                     0.09389713               
3.28                     0.09393217               
3.29                     0.093967155              
3.3                      0.0940021                
3.31                     0.094037                 
3.32                     0.09407184               
3.33                     0.09410665               
3.34                     0.09414141               
3.35                     0.09417611               
3.36                     0.09421078               
3.37                     0.094245404              
3.38                     0.094279975              
3.39                     0.0943145                
3.4                      0.09434899               
3.41                     0.094383426              
3.42                     0.09441782               
3.43                     0.09445216               
3.44                     0.09448646               
3.45                     0.09452072               
3.46                     0.09455493               
3.47                     0.0945891                
3.48                     0.094623215              
3.49                     0.094657294              
3.5                      0.09469133               
3.51                     0.09472532               
3.52                     0.09475926               
3.53                     0.09479316               
3.54                     0.09482702               
3.55                     0.09486083               
3.56                     0.0948946                
3.57                     0.094928324              
3.58                     0.09496201               
3.59                     0.09499565               
3.6                      0.09502924               
3.61                     0.09506279               
3.62                     0.095096305              
3.63                     0.095129766              
3.64                     0.09516319               
3.65                     0.095196575              
3.66                     0.095229916              
3.67                     0.09526321               
3.68                     0.09529647               
3.69                     0.09532969               
3.7                      0.09536286               
3.71                     0.09539599               
3.72                     0.09542908               
3.73                     0.09546213               
3.74                     0.095495135              
3.75                     0.095528096              
3.76                     0.09556102               
3.77                     0.09559391               
3.78                     0.09562674               
3.79                     0.09565955               
3.8                      0.09569231               
3.81                     0.09572502               
3.82                     0.0957577                
3.83                     0.09579034               
3.84                     0.09582294               
3.85                     0.0958555                
3.86                     0.09588801               
3.87                     0.09592049               
3.88                     0.09595292               
3.89                     0.095985316              
3.9                      0.09601767               
3.91                     0.096049994              
3.92                     0.09608227               
3.93                     0.0961145                
3.94                     0.0961467                
3.95                     0.09617886               
3.96                     0.09621099               
3.97                     0.09624307               
3.98                     0.096275106              
3.99                     0.096307114              
4.0                      0.09633908               
4.01                     0.096371                 
4.02                     0.09640289               
4.03                     0.09643474               
4.04                     0.09646655               
4.05                     0.096498325              
4.06                     0.09653006               
4.07                     0.09656175               
4.08                     0.09659342               
4.09                     0.09662504               
4.1                      0.09665661               
4.11                     0.09668816               
4.12                     0.09671967               
4.13                     0.09675114               
4.14                     0.096782565              
4.15                     0.09681396               
4.16                     0.09684532               
4.17                     0.096876636              
4.18                     0.09690792               
4.19                     0.09693917               
4.2                      0.09697037               
4.21                     0.097001545              
4.22                     0.09703268               
4.23                     0.09706378               
4.24                     0.09709484               
4.25                     0.097125866              
4.26                     0.09715685               
4.27                     0.0971878                
4.28                     0.09721872               
4.29                     0.0972496                
4.3                      0.09728044               
4.31                     0.09731125               
4.32                     0.09734202               
4.33                     0.097372755              
4.34                     0.09740346               
4.35                     0.097434126              
4.36                     0.09746475               
4.37                     0.09749534               
4.38                     0.0975259                
4.39                     0.09755642               
4.4                      0.09758691               
4.41                     0.09761736               
4.42                     0.09764778               
4.43                     0.097678155              
4.44                     0.0977085                
4.45                     0.09773881               
4.46                     0.09776909               
4.47                     0.09779933               
4.48                     0.097829536              
4.49                     0.0978597                
4.5                      0.09788984               
4.51                     0.09791994               
4.52                     0.09795001               
4.53                     0.097980045              
4.54                     0.09801004               
4.55                     0.09804001               
4.56                     0.098069936              
4.57                     0.098099835              
4.58                     0.0981297                
4.59                     0.09815952               
4.6                      0.09818932               
4.61                     0.098219074              
4.62                     0.0982488                
4.63                     0.09827849               
4.64                     0.09830815               
4.65                     0.09833778               
4.66                     0.09836736               
4.67                     0.09839692               
4.68                     0.09842645               
4.69                     0.098455936              
4.7                      0.098485395              
4.71                     0.09851482               
4.72                     0.09854421               
4.73                     0.098573565              
4.74                     0.09860289               
4.75                     0.09863218               
4.76                     0.09866144               
4.77                     0.098690666              
4.78                     0.09871986               
4.79                     0.09874901               
4.8                      0.09877814               
4.81                     0.09880724               
4.82                     0.098836295              
4.83                     0.09886532               
4.84                     0.09889432               
4.85                     0.09892329               
4.86                     0.09895222               
4.87                     0.09898112               
4.88                     0.09900998               
4.89                     0.09903882               
4.9                      0.09906762               
4.91                     0.099096395              
4.92                     0.09912513               
4.93                     0.09915384               
4.94                     0.09918251               
4.95                     0.09921115               
4.96                     0.09923976               
4.97                     0.09926834               
4.98                     0.09929689               
4.99                     0.0993254                
5.0                      0.09935389               
5.01                     0.09938233               
5.02                     0.09941076               
5.03                     0.099439144              
5.04                     0.0994675                
5.05                     0.09949583               
5.06                     0.09952412               
5.07                     0.099552386              
5.08                     0.099580616              
5.09                     0.099608816              
5.1                      0.09963698               
5.11                     0.09966512               
5.12                     0.099693224              
5.13                     0.0997213                
5.14                     0.09974934               
5.15                     0.099777356              
5.16                     0.09980534               
5.17                     0.09983329               
5.18                     0.099861205              
5.19                     0.0998891                
5.2                      0.09991696               
5.21                     0.09994478               
5.22                     0.099972576              
5.23                     0.100000344              
5.24                     0.100028075              
5.25                     0.100055784              
5.26                     0.100083455              
5.27                     0.1001111                
5.28                     0.10013871               
5.29                     0.10016629               
5.3                      0.10019384               
5.31                     0.100221366              
5.32                     0.10024885               
5.33                     0.10027631               
5.34                     0.10030375               
5.35                     0.10033114               
5.36                     0.10035851               
5.37                     0.10038585               
5.38                     0.10041316               
5.39                     0.10044044               
5.4                      0.1004677                
5.41                     0.10049492               
5.42                     0.100522116              
5.43                     0.10054929               
5.44                     0.10057642               
5.45                     0.10060353               
5.46                     0.100630604              
5.47                     0.10065766               
5.48                     0.10068467               
5.49                     0.100711666              
5.5                      0.10073862               
5.51                     0.100765556              
5.52                     0.10079245               
5.53                     0.10081933               
5.54                     0.10084617               
5.55                     0.100872986              
5.56                     0.10089977               
5.57                     0.100926526              
5.58                     0.10095325               
5.59                     0.100979954              
5.6                      0.10100662               
5.61                     0.10103326               
5.62                     0.10105988               
5.63                     0.10108645               
5.64                     0.10111301               
5.65                     0.10113953               
5.66                     0.10116603               
5.67                     0.1011925                
5.68                     0.10121894               
5.69                     0.10124535               
5.7                      0.101271726              
5.71                     0.10129808               
5.72                     0.10132441               
5.73                     0.1013507                
5.74                     0.10137697               
5.75                     0.101403214              
5.76                     0.101429425              
5.77                     0.10145561               
5.78                     0.10148176               
5.79                     0.10150789               
5.8                      0.10153399               
5.81                     0.101560056              
5.82                     0.101586096              
5.83                     0.101612106              
5.84                     0.10163809               
5.85                     0.10166405               
5.86                     0.10168998               
5.87                     0.101715885              
5.88                     0.10174175               
5.89                     0.1017676                
5.9                      0.101793416              
5.91                     0.10181921               
5.92                     0.10184497               
5.93                     0.1018707                
5.94                     0.10189641               
5.95                     0.10192209               
5.96                     0.10194774               
5.97                     0.10197336               
5.98                     0.10199896               
5.99                     0.10202454               
6.0                      0.10205008               
6.01                     0.1020756                
6.02                     0.102101095              
6.03                     0.10212656               
6.04                     0.102152                 
6.05                     0.102177404              
6.06                     0.10220279               
6.07                     0.10222814               
6.08                     0.102253474              
6.09                     0.10227878               
6.1                      0.10230405               
6.11                     0.1023293                
6.12                     0.10235452               
6.13                     0.10237971               
6.14                     0.10240488               
6.15                     0.102430016              
6.16                     0.10245513               
6.17                     0.10248022               
6.18                     0.10250528               
6.19                     0.102530316              
6.2                      0.10255532               
6.21                     0.1025803                
6.22                     0.10260525               
6.23                     0.10263018               
6.24                     0.10265508               
6.25                     0.10267996               
6.26                     0.10270481               
6.27                     0.102729626              
6.28                     0.10275442               
6.29                     0.102779195              
6.3                      0.10280394               
6.31                     0.10282865               
6.32                     0.10285334               
6.33                     0.102878004              
6.34                     0.10290264               
6.35                     0.10292726               
6.36                     0.10295185               
6.37                     0.102976404              
6.38                     0.10300094               
6.39                     0.103025444              
6.4                      0.10304993               
6.41                     0.10307438               
6.42                     0.10309881               
6.43                     0.10312322               
6.44                     0.103147596              
6.45                     0.103171945              
6.46                     0.10319627               
6.47                     0.103220575              
6.48                     0.10324485               
6.49                     0.1032691                
6.5                      0.10329332               
6.51                     0.10331752               
6.52                     0.10334169               
6.53                     0.10336584               
6.54                     0.10338996               
6.55                     0.10341406               
6.56                     0.10343813               
6.57                     0.10346218               
6.58                     0.1034862                
6.59                     0.1035102                
6.6                      0.10353417               
6.61                     0.103558116              
6.62                     0.10358204               
6.63                     0.10360593               
6.64                     0.103629805              
6.65                     0.103653654              
6.66                     0.103677474              
6.67                     0.10370127               
6.68                     0.103725046              
6.69                     0.10374879               
6.7                      0.10377251               
6.71                     0.10379621               
6.72                     0.103819884              
6.73                     0.103843525              
6.74                     0.10386715               
6.75                     0.10389075               
6.76                     0.10391432               
6.77                     0.10393787               
6.78                     0.10396139               
6.79                     0.10398489               
6.8                      0.10400837               
6.81                     0.104031816              
6.82                     0.10405524               
6.83                     0.10407864               
6.84                     0.10410202               
6.85                     0.10412537               
6.86                     0.1041487                
6.87                     0.104172006              
6.88                     0.10419528               
6.89                     0.104218535              
6.9                      0.104241766              
6.91                     0.104264975              
6.92                     0.10428815               
6.93                     0.10431131               
6.94                     0.104334444              
6.95                     0.104357556              
6.96                     0.104380645              
6.97                     0.104403704              
6.98                     0.10442674               
6.99                     0.10444976               
7.0                      0.10447274               
7.01                     0.104495704              
7.02                     0.10451865               
7.03                     0.10454156               
7.04                     0.10456446               
7.05                     0.10458733               
7.06                     0.104610175              
7.07                     0.104632996              
7.08                     0.104655795              
7.09                     0.10467857               
7.1                      0.10470132               
7.11                     0.10472405               
7.12                     0.10474675               
7.13                     0.10476943               
7.14                     0.10479209               
7.15                     0.10481472               
7.16                     0.10483733               
7.17                     0.10485992               
7.18                     0.10488248               
7.19                     0.104905024              
7.2                      0.10492754               
7.21                     0.10495003               
7.22                     0.1049725                
7.23                     0.104994945              
7.24                     0.10501737               
7.25                     0.10503977               
7.26                     0.10506215               
7.27                     0.1050845                
7.28                     0.10510683               
7.29                     0.10512914               
7.3                      0.10515142               
7.31                     0.105173685              
7.32                     0.10519592               
7.33                     0.105218135              
7.34                     0.10524033               
7.35                     0.105262496              
7.36                     0.105284646              
7.37                     0.10530677               
7.38                     0.105328865              
7.39                     0.10535094               
7.4                      0.105373                 
7.41                     0.105395034              
7.42                     0.10541704               
7.43                     0.10543903               
7.44                     0.10546099               
7.45                     0.10548293               
7.46                     0.10550485               
7.47                     0.105526745              
7.48                     0.10554862               
7.49                     0.105570465              
7.5                      0.105592296              
7.51                     0.1056141                
7.52                     0.10563588               
7.53                     0.105657645              
7.54                     0.105679385              
7.55                     0.1057011                
7.56                     0.10572279               
7.57                     0.105744466              
7.58                     0.10576611               
7.59                     0.10578774               
7.6                      0.10580934               
7.61                     0.10583092               
7.62                     0.105852485              
7.63                     0.10587402               
7.64                     0.105895534              
7.65                     0.10591703               
7.66                     0.105938494              
7.67                     0.105959944              
7.68                     0.10598137               
7.69                     0.10600278               
7.7                      0.10602416               
7.71                     0.10604552               
7.72                     0.10606686               
7.73                     0.10608818               
7.74                     0.10610947               
7.75                     0.10613074               
7.76                     0.10615199               
7.77                     0.106173225              
7.78                     0.10619443               
7.79                     0.10621562               
7.8                      0.10623678               
7.81                     0.10625792               
7.82                     0.106279045              
7.83                     0.106300145              
7.84                     0.10632122               
7.85                     0.10634228               
7.86                     0.10636331               
7.87                     0.10638432               
7.88                     0.10640532               
7.89                     0.10642628               
7.9                      0.106447235              
7.91                     0.106468156              
7.92                     0.10648906               
7.93                     0.10650995               
7.94                     0.10653081               
7.95                     0.106551655              
7.96                     0.10657247               
7.97                     0.106593266              
7.98                     0.106614046              
7.99                     0.1066348                
8.0                      0.10665554               
8.01                     0.10667625               
8.02                     0.10669694               
8.03                     0.10671761               
8.04                     0.10673826               
8.05                     0.10675889               
8.06                     0.1067795                
8.07                     0.10680009               
8.08                     0.10682065               
8.09                     0.10684119               
8.1                      0.10686172               
8.11                     0.10688222               
8.12                     0.1069027                
8.13                     0.10692316               
8.14                     0.1069436                
8.15                     0.10696402               
8.16                     0.106984414              
8.17                     0.10700479               
8.18                     0.107025154              
8.19                     0.10704549               
8.2                      0.107065804              
8.21                     0.10708609               
8.22                     0.107106365              
8.23                     0.10712662               
8.24                     0.10714685               
8.25                     0.107167065              
8.26                     0.107187256              
8.27                     0.107207425              
8.28                     0.10722757               
8.29                     0.1072477                
8.3                      0.10726781               
8.31                     0.1072879                
8.32                     0.10730796               
8.33                     0.10732801               
8.34                     0.10734804               
8.35                     0.107368045              
8.36                     0.10738803               
8.37                     0.107407995              
8.38                     0.10742794               
8.39                     0.10744786               
8.4                      0.10746776               
8.41                     0.10748765               
8.42                     0.10750751               
8.43                     0.10752735               
8.44                     0.10754718               
8.45                     0.10756698               
8.46                     0.107586764              
8.47                     0.10760653               
8.48                     0.10762627               
8.49                     0.10764599               
8.5                      0.107665695              
8.51                     0.10768537               
8.52                     0.107705034              
8.53                     0.10772468               
8.54                     0.1077443                
8.55                     0.1077639                
8.56                     0.10778348               
8.57                     0.10780305               
8.58                     0.10782259               
8.59                     0.10784211               
8.6                      0.107861616              
8.61                     0.1078811                
8.62                     0.10790056               
8.63                     0.10792                  
8.64                     0.10793942               
8.65                     0.10795883               
8.66                     0.10797821               
8.67                     0.107997574              
8.68                     0.108016916              
8.69                     0.10803624               
8.7                      0.10805555               
8.71                     0.10807484               
8.72                     0.108094096              
8.73                     0.10811335               
8.74                     0.10813257               
8.75                     0.10815178               
8.76                     0.10817097               
8.77                     0.10819014               
8.78                     0.10820929               
8.79                     0.10822842               
8.8                      0.10824753               
8.81                     0.10826662               
8.82                     0.108285695              
8.83                     0.10830475               
8.84                     0.10832378               
8.85                     0.1083428                
8.86                     0.10836179               
8.87                     0.108380765              
8.88                     0.10839972               
8.89                     0.10841866               
8.9                      0.108437575              
8.91                     0.10845647               
8.92                     0.10847535               
8.93                     0.108494215              
8.94                     0.10851306               
8.95                     0.10853188               
8.96                     0.10855068               
8.97                     0.108569466              
8.98                     0.108588226              
8.99                     0.10860697               
9.0                      0.1086257                
9.01                     0.10864441               
9.02                     0.1086631                
9.03                     0.10868177               
9.04                     0.10870042               
9.05                     0.10871905               
9.06                     0.10873766               
9.07                     0.10875626               
9.08                     0.10877483               
9.09                     0.10879339               
9.1                      0.10881193               
9.11                     0.10883045               
9.12                     0.10884895               
9.13                     0.10886743               
9.14                     0.1088859                
9.15                     0.10890434               
9.16                     0.108922765              
9.17                     0.108941175              
9.18                     0.10895956               
9.19                     0.10897793               
9.2                      0.10899629               
9.21                     0.109014615              
9.22                     0.10903293               
9.23                     0.10905123               
9.24                     0.109069504              
9.25                     0.109087765              
9.26                     0.109106004              
9.27                     0.10912422               
9.28                     0.10914243               
9.29                     0.10916061               
9.3                      0.10917878               
9.31                     0.10919693               
9.32                     0.10921506               
9.33                     0.10923317               
9.34                     0.10925126               
9.35                     0.109269336              
9.36                     0.109287396              
9.37                     0.109305434              
9.38                     0.10932345               
9.39                     0.10934146               
9.4                      0.109359436              
9.41                     0.10937741               
9.42                     0.10939535               
9.43                     0.10941328               
9.44                     0.10943119               
9.45                     0.10944908               
9.46                     0.109466955              
9.47                     0.109484814              
9.48                     0.10950265               
9.49                     0.10952047               
9.5                      0.10953828               
9.51                     0.109556064              
9.52                     0.109573826              
9.53                     0.10959157               
9.54                     0.109609306              
9.55                     0.10962702               
9.56                     0.10964472               
9.57                     0.10966239               
9.58                     0.10968005               
9.59                     0.10969769               
9.6                      0.10971532               
9.61                     0.10973292               
9.62                     0.10975051               
9.63                     0.10976808               
9.64                     0.10978563               
9.65                     0.10980317               
9.66                     0.10982069               
9.67                     0.10983818               
9.68                     0.10985567               
9.69                     0.10987313               
9.7                      0.10989057               
9.71                     0.109908                 
9.72                     0.10992541               
9.73                     0.10994281               
9.74                     0.10996018               
9.75                     0.10997754               
9.76                     0.10999489               
9.77                     0.11001221               
9.78                     0.11002952               
9.79                     0.11004681               
9.8                      0.11006408               
9.81                     0.11008134               
9.82                     0.11009857               
9.83                     0.11011579               
9.84                     0.11013299               
9.85                     0.11015018               
9.86                     0.11016735               
9.87                     0.1101845                
9.88                     0.11020163               
9.89                     0.11021875               
9.9                      0.11023585               
9.91                     0.110252924              
9.92                     0.110269986              
9.93                     0.11028703               
9.94                     0.110304065              
9.95                     0.11032108               
9.96                     0.11033808               
9.97                     0.11035505               
9.98                     0.110372014              
9.99                     0.11038896               
10.0                     0.110405885              
