% x                      
0.0                      8450.0                   
0.01                     8452.18                  
0.02                     8454.96                  
0.03                     8457.747                 
0.04                     8460.535                 
0.05                     8463.324                 
0.06                     8466.115                 
0.07                     8468.908                 
0.08                     8471.701                 
0.09                     8474.495                 
0.1                      8477.291                 
0.11                     8480.092                 
0.12                     8482.892                 
0.13                     8485.691                 
0.14                     8488.491                 
0.15                     8491.291                 
0.16                     8494.091                 
0.17                     8496.898                 
0.18                     8499.711                 
0.19                     8502.523                 
0.2                      8505.336                 
0.21                     8508.148                 
0.22                     8510.961                 
0.23                     8513.773                 
0.24                     8516.586                 
0.25                     8519.398                 
0.26                     8522.211                 
0.27                     8525.022                 
0.28                     8527.835                 
0.29                     8530.647                 
0.3                      8533.464                 
0.31                     8536.302                 
0.32                     8539.14                  
0.33                     8541.977                 
0.34                     8544.814                 
0.35                     8547.652                 
0.36                     8550.49                  
0.37                     8553.327                 
0.38                     8556.165                 
0.39                     8559.003                 
0.4                      8561.841                 
0.41                     8564.679                 
0.42                     8567.516                 
0.43                     8570.354                 
0.44                     8573.191                 
0.45                     8576.029                 
0.46                     8578.866                 
0.47                     8581.704                 
0.48                     8584.542                 
0.49                     8587.38                  
0.5                      8590.217                 
0.51                     8593.055                 
0.52                     8595.893                 
0.53                     8598.73                  
0.54                     8601.567                 
0.55                     8604.405                 
0.56                     8607.243                 
0.57                     8610.085                 
0.58                     8612.948                 
0.59                     8615.811                 
0.6                      8618.674                 
0.61                     8621.537                 
0.62                     8624.4                   
0.63                     8627.264                 
0.64                     8630.127                 
0.65                     8632.99                  
0.66                     8635.853                 
0.67                     8638.716                 
0.68                     8641.579                 
0.69                     8644.442                 
0.7                      8647.306                 
0.71                     8650.169                 
0.72                     8653.032                 
0.73                     8655.895                 
0.74                     8658.758                 
0.75                     8661.621                 
0.76                     8664.484                 
0.77                     8667.348                 
0.78                     8670.211                 
0.79                     8673.074                 
0.8                      8675.937                 
0.81                     8678.8                   
0.82                     8681.663                 
0.83                     8684.526                 
0.84                     8687.394                 
0.85                     8690.282                 
0.86                     8693.171                 
0.87                     8696.06                  
0.88                     8698.949                 
0.89                     8701.838                 
0.9                      8704.727                 
0.91                     8707.615                 
0.92                     8710.504                 
0.93                     8713.393                 
0.94                     8716.282                 
0.95                     8719.171                 
0.96                     8722.06                  
0.97                     8724.948                 
0.98                     8727.837                 
0.99                     8730.727                 
1.0                      8733.615                 
1.01                     8736.504                 
1.02                     8739.393                 
1.03                     8742.281                 
1.04                     8745.17                  
1.05                     8748.06                  
1.06                     8750.948                 
1.07                     8753.837                 
1.08                     8756.726                 
1.09                     8759.614                 
1.1                      8762.503                 
1.11                     8765.394                 
1.12                     8768.293                 
1.13                     8771.193                 
1.14                     8774.095                 
1.15                     8776.996                 
1.16                     8779.898                 
1.17                     8782.802                 
1.18                     8785.706                 
1.19                     8788.611                 
1.2                      8791.517                 
1.21                     8794.423                 
1.22                     8797.33                  
1.23                     8800.237                 
1.24                     8803.146                 
1.25                     8806.056                 
1.26                     8808.966                 
1.27                     8811.877                 
1.28                     8814.788                 
1.29                     8817.7                   
1.3                      8820.613                 
1.31                     8823.527                 
1.32                     8826.441                 
1.33                     8829.357                 
1.34                     8832.273                 
1.35                     8835.19                  
1.36                     8838.107                 
1.37                     8841.026                 
1.38                     8843.945                 
1.39                     8846.865                 
1.4                      8849.786                 
1.41                     8852.707                 
1.42                     8855.629                 
1.43                     8858.552                 
1.44                     8861.476                 
1.45                     8864.4                   
1.46                     8867.325                 
1.47                     8870.251                 
1.48                     8873.178                 
1.49                     8876.105                 
1.5                      8879.033                 
1.51                     8881.962                 
1.52                     8884.892                 
1.53                     8887.822                 
1.54                     8890.754                 
1.55                     8893.686                 
1.56                     8896.618                 
1.57                     8899.552                 
1.58                     8902.485                 
1.59                     8905.421                 
1.6                      8908.356                 
1.61                     8911.293                 
1.62                     8914.23                  
1.63                     8917.168                 
1.64                     8920.106                 
1.65                     8923.047                 
1.66                     8925.991                 
1.67                     8928.936                 
1.68                     8931.882                 
1.69                     8934.828                 
1.7                      8937.776                 
1.71                     8940.725                 
1.72                     8943.674                 
1.73                     8946.624                 
1.74                     8949.575                 
1.75                     8952.527                 
1.76                     8955.48                  
1.77                     8958.435                 
1.78                     8961.39                  
1.79                     8964.345                 
1.8                      8967.302                 
1.81                     8970.259                 
1.82                     8973.218                 
1.83                     8976.177                 
1.84                     8979.137                 
1.85                     8982.098                 
1.86                     8985.06                  
1.87                     8988.022                 
1.88                     8990.986                 
1.89                     8993.951                 
1.9                      8996.916                 
1.91                     8999.883                 
1.92                     9002.851                 
1.93                     9005.818                 
1.94                     9008.787                 
1.95                     9011.758                 
1.96                     9014.729                 
1.97                     9017.7                   
1.98                     9020.673                 
1.99                     9023.646                 
2.0                      9026.621                 
2.01                     9029.596                 
2.02                     9032.572                 
2.03                     9035.55                  
2.04                     9038.527                 
2.05                     9041.506                 
2.06                     9044.486                 
2.07                     9047.467                 
2.08                     9050.448                 
2.09                     9053.431                 
2.1                      9056.414                 
2.11                     9059.398                 
2.12                     9062.384                 
2.13                     9065.37                  
2.14                     9068.356                 
2.15                     9071.345                 
2.16                     9074.333                 
2.17                     9077.323                 
2.18                     9080.313                 
2.19                     9083.305                 
2.2                      9086.3                   
2.21                     9089.295                 
2.22                     9092.291                 
2.23                     9095.289                 
2.24                     9098.287                 
2.25                     9101.286                 
2.26                     9104.287                 
2.27                     9107.288                 
2.28                     9110.29                  
2.29                     9113.294                 
2.3                      9116.298                 
2.31                     9119.303                 
2.32                     9122.309                 
2.33                     9125.316                 
2.34                     9128.324                 
2.35                     9131.333                 
2.36                     9134.344                 
2.37                     9137.3545                
2.38                     9140.366                 
2.39                     9143.379                 
2.4                      9146.394                 
2.41                     9149.408                 
2.42                     9152.424                 
2.43                     9155.44                  
2.44                     9158.458                 
2.45                     9161.478                 
2.46                     9164.497                 
2.47                     9167.518                 
2.48                     9170.539                 
2.49                     9173.562                 
2.5                      9176.586                 
2.51                     9179.61                  
2.52                     9182.636                 
2.53                     9185.662                 
2.54                     9188.689                 
2.55                     9191.719                 
2.56                     9194.748                 
2.57                     9197.778                 
2.58                     9200.81                  
2.59                     9203.842                 
2.6                      9206.875                 
2.61                     9209.909                 
2.62                     9212.945                 
2.63                     9215.981                 
2.64                     9219.019                 
2.65                     9222.057                 
2.66                     9225.096                 
2.67                     9228.136                 
2.68                     9231.177                 
2.69                     9234.219                 
2.7                      9237.262                 
2.71                     9240.306                 
2.72                     9243.351                 
2.73                     9246.397                 
2.74                     9249.445                 
2.75                     9252.494                 
2.76                     9255.544                 
2.77                     9258.595                 
2.78                     9261.646                 
2.79                     9264.7                   
2.8                      9267.754                 
2.81                     9270.809                 
2.82                     9273.864                 
2.83                     9276.922                 
2.84                     9279.9795                
2.85                     9283.038                 
2.86                     9286.099                 
2.87                     9289.159                 
2.88                     9292.222                 
2.89                     9295.284                 
2.9                      9298.349                 
2.91                     9301.414                 
2.92                     9304.4795                
2.93                     9307.547                 
2.94                     9310.614                 
2.95                     9313.684                 
2.96                     9316.754                 
2.97                     9319.825                 
2.98                     9322.896                 
2.99                     9325.97                  
3.0                      9329.044                 
3.01                     9332.119                 
3.02                     9335.195                 
3.03                     9338.272                 
3.04                     9341.351                 
3.05                     9344.43                  
3.06                     9347.51                  
3.07                     9350.591                 
3.08                     9353.673                 
3.09                     9356.756                 
3.1                      9359.84                  
3.11                     9362.926                 
3.12                     9366.012                 
3.13                     9369.099                 
3.14                     9372.187                 
3.15                     9375.276                 
3.16                     9378.366                 
3.17                     9381.458                 
3.18                     9384.55                  
3.19                     9387.643                 
3.2                      9390.737                 
3.21                     9393.832                 
3.22                     9396.929                 
3.23                     9400.025                 
3.24                     9403.124                 
3.25                     9406.224                 
3.26                     9409.323                 
3.27                     9412.425                 
3.28                     9415.528                 
3.29                     9418.633                 
3.3                      9421.737                 
3.31                     9424.844                 
3.32                     9427.951                 
3.33                     9431.06                  
3.34                     9434.169                 
3.35                     9437.279                 
3.36                     9440.391                 
3.37                     9443.504                 
3.38                     9446.617                 
3.39                     9449.731                 
3.4                      9452.848                 
3.41                     9455.964                 
3.42                     9459.082                 
3.43                     9462.2                   
3.44                     9465.32                  
3.45                     9468.441                 
3.46                     9471.563                 
3.47                     9474.686                 
3.48                     9477.81                  
3.49                     9480.935                 
3.5                      9484.061                 
3.51                     9487.188                 
3.52                     9490.316                 
3.53                     9493.445                 
3.54                     9496.575                 
3.55                     9499.707                 
3.56                     9502.839                 
3.57                     9505.973                 
3.58                     9509.106                 
3.59                     9512.242                 
3.6                      9515.379                 
3.61                     9518.516                 
3.62                     9521.654                 
3.63                     9524.794                 
3.64                     9527.935                 
3.65                     9531.076                 
3.66                     9534.219                 
3.67                     9537.362                 
3.68                     9540.508                 
3.69                     9543.653                 
3.7                      9546.8                   
3.71                     9549.948                 
3.72                     9553.097                 
3.73                     9556.247                 
3.74                     9559.397                 
3.75                     9562.55                  
3.76                     9565.703                 
3.77                     9568.857                 
3.78                     9572.012                 
3.79                     9575.168                 
3.8                      9578.325                 
3.81                     9581.483                 
3.82                     9584.644                 
3.83                     9587.804                 
3.84                     9590.965                 
3.85                     9594.127                 
3.86                     9597.291                 
3.87                     9600.455                 
3.88                     9603.621                 
3.89                     9606.787                 
3.9                      9609.955                 
3.91                     9613.124                 
3.92                     9616.293                 
3.93                     9619.464                 
3.94                     9622.636                 
3.95                     9625.809                 
3.96                     9628.982                 
3.97                     9632.157                 
3.98                     9635.333                 
3.99                     9638.511                 
4.0                      9641.688                 
4.01                     9644.867                 
4.02                     9648.048                 
4.03                     9651.229                 
4.04                     9654.411                 
4.05                     9657.594                 
4.06                     9660.778                 
4.07                     9663.964                 
4.08                     9667.149                 
4.09                     9670.337                 
4.1                      9673.525                 
4.11                     9676.715                 
4.12                     9679.905                 
4.13                     9683.097                 
4.14                     9686.29                  
4.15                     9689.483                 
4.16                     9692.678                 
4.17                     9695.873                 
4.18                     9699.07                  
4.19                     9702.268                 
4.2                      9705.467                 
4.21                     9708.667                 
4.22                     9711.867                 
4.23                     9715.069                 
4.24                     9718.272                 
4.25                     9721.477                 
4.26                     9724.682                 
4.27                     9727.888                 
4.28                     9731.096                 
4.29                     9734.305                 
4.3                      9737.516                 
4.31                     9740.727                 
4.32                     9743.939                 
4.33                     9747.152                 
4.34                     9750.367                 
4.35                     9753.583                 
4.36                     9756.8                   
4.37                     9760.018                 
4.38                     9763.236                 
4.39                     9766.456                 
4.4                      9769.677                 
4.41                     9772.898                 
4.42                     9776.122                 
4.43                     9779.346                 
4.44                     9782.571                 
4.45                     9785.797                 
4.46                     9789.024                 
4.47                     9792.253                 
4.48                     9795.482                 
4.49                     9798.713                 
4.5                      9801.944                 
4.51                     9805.177                 
4.52                     9808.41                  
4.53                     9811.645                 
4.54                     9814.881                 
4.55                     9818.117                 
4.56                     9821.355                 
4.57                     9824.594                 
4.58                     9827.834                 
4.59                     9831.075                 
4.6                      9834.317                 
4.61                     9837.561                 
4.62                     9840.805                 
4.63                     9844.05                  
4.64                     9847.297                 
4.65                     9850.544                 
4.66                     9853.792                 
4.67                     9857.042                 
4.68                     9860.292                 
4.69                     9863.544                 
4.7                      9866.797                 
4.71                     9870.051                 
4.72                     9873.306                 
4.73                     9876.562                 
4.74                     9879.818                 
4.75                     9883.076                 
4.76                     9886.335                 
4.77                     9889.596                 
4.78                     9892.856                 
4.79                     9896.119                 
4.8                      9899.382                 
4.81                     9902.646                 
4.82                     9905.912                 
4.83                     9909.179                 
4.84                     9912.446                 
4.85                     9915.715                 
4.86                     9918.984                 
4.87                     9922.255                 
4.88                     9925.527                 
4.89                     9928.8                   
4.9                      9932.074                 
4.91                     9935.349                 
4.92                     9938.625                 
4.93                     9941.902                 
4.94                     9945.18                  
4.95                     9948.459                 
4.96                     9951.739                 
4.97                     9955.0205                
4.98                     9958.304                 
4.99                     9961.587                 
5.0                      9964.871                 
5.01                     9968.157                 
5.02                     9971.443                 
5.03                     9974.731                 
5.04                     9978.02                  
5.05                     9981.31                  
5.06                     9984.601                 
5.07                     9987.893                 
5.08                     9991.186                 
5.09                     9994.4795                
5.1                      9997.774                 
5.11                     10001.071                
5.12                     10004.368                
5.13                     10007.667                
5.14                     10010.966                
5.15                     10014.267                
5.16                     10017.568                
5.17                     10020.87                 
5.18                     10024.174                
5.19                     10027.479                
5.2                      10030.784                
5.21                     10034.091                
5.22                     10037.399                
5.23                     10040.708                
5.24                     10044.018                
5.25                     10047.329                
5.26                     10050.641                
5.27                     10053.954                
5.28                     10057.2705               
5.29                     10060.588                
5.3                      10063.905                
5.31                     10067.225                
5.32                     10070.545                
5.33                     10073.866                
5.34                     10077.188                
5.35                     10080.513                
5.36                     10083.837                
5.37                     10087.163                
5.38                     10090.489                
5.39                     10093.817                
5.4                      10097.146                
5.41                     10100.477                
5.42                     10103.808                
5.43                     10107.141                
5.44                     10110.474                
5.45                     10113.809                
5.46                     10117.144                
5.47                     10120.48                 
5.48                     10123.818                
5.49                     10127.157                
5.5                      10130.497                
5.51                     10133.838                
5.52                     10137.181                
5.53                     10140.523                
5.54                     10143.868                
5.55                     10147.214                
5.56                     10150.561                
5.57                     10153.908                
5.58                     10157.257                
5.59                     10160.606                
5.6                      10163.957                
5.61                     10167.31                 
5.62                     10170.662                
5.63                     10174.017                
5.64                     10177.372                
5.65                     10180.729                
5.66                     10184.086                
5.67                     10187.444                
5.68                     10190.804                
5.69                     10194.165                
5.7                      10197.526                
5.71                     10200.89                 
5.72                     10204.254                
5.73                     10207.619                
5.74                     10210.985                
5.75                     10214.353                
5.76                     10217.721                
5.77                     10221.09                 
5.78                     10224.461                
5.79                     10227.833                
5.8                      10231.205                
5.81                     10234.579                
5.82                     10237.954                
5.83                     10241.33                 
5.84                     10244.707                
5.85                     10248.086                
5.86                     10251.465                
5.87                     10254.846                
5.88                     10258.228                
5.89                     10261.609                
5.9                      10264.993                
5.91                     10268.378                
5.92                     10271.765                
5.93                     10275.151                
5.94                     10278.539                
5.95                     10281.929                
5.96                     10285.319                
5.97                     10288.71                 
5.98                     10292.103                
5.99                     10295.496                
6.0                      10298.891                
6.01                     10302.287                
6.02                     10305.684                
6.03                     10309.082                
6.04                     10312.48                 
6.05                     10315.881                
6.06                     10319.282                
6.07                     10322.685                
6.08                     10326.088                
6.09                     10329.492                
6.1                      10332.898                
6.11                     10336.305                
6.12                     10339.713                
6.13                     10343.121                
6.14                     10346.531                
6.15                     10349.942                
6.16                     10353.3545               
6.17                     10356.768                
6.18                     10360.183                
6.19                     10363.598                
6.2                      10367.015                
6.21                     10370.432                
6.22                     10373.851                
6.23                     10377.2705               
6.24                     10380.691                
6.25                     10384.113                
6.26                     10387.536                
6.27                     10390.961                
6.28                     10394.388                
6.29                     10397.816                
6.3                      10401.246                
6.31                     10404.677                
6.32                     10408.108                
6.33                     10411.541                
6.34                     10414.975                
6.35                     10418.41                 
6.36                     10421.846                
6.37                     10425.283                
6.38                     10428.722                
6.39                     10432.161                
6.4                      10435.602                
6.41                     10439.044                
6.42                     10442.486                
6.43                     10445.931                
6.44                     10449.376                
6.45                     10452.822                
6.46                     10456.27                 
6.47                     10459.719                
6.48                     10463.168                
6.49                     10466.619                
6.5                      10470.071                
6.51                     10473.524                
6.52                     10476.979                
6.53                     10480.434                
6.54                     10483.891                
6.55                     10487.348                
6.56                     10490.807                
6.57                     10494.267                
6.58                     10497.728                
6.59                     10501.189                
6.6                      10504.653                
6.61                     10508.117                
6.62                     10511.583                
6.63                     10515.05                 
6.64                     10518.518                
6.65                     10521.986                
6.66                     10525.456                
6.67                     10528.928                
6.68                     10532.399                
6.69                     10535.873                
6.7                      10539.348                
6.71                     10542.823                
6.72                     10546.301                
6.73                     10549.778                
6.74                     10553.258                
6.75                     10556.738                
6.76                     10560.219                
6.77                     10563.702                
6.78                     10567.186                
6.79                     10570.67                 
6.8                      10574.156                
6.81                     10577.643                
6.82                     10581.131                
6.83                     10584.62                 
6.84                     10588.11                 
6.85                     10591.603                
6.86                     10595.095                
6.87                     10598.589                
6.88                     10602.084                
6.89                     10605.58                 
6.9                      10609.077                
6.91                     10612.575                
6.92                     10616.075                
6.93                     10619.575                
6.94                     10623.077                
6.95                     10626.58                 
6.96                     10630.084                
6.97                     10633.589                
6.98                     10637.095                
6.99                     10640.603                
7.0                      10644.111                
7.01                     10647.62                 
7.02                     10651.131                
7.03                     10654.644                
7.04                     10658.156                
7.05                     10661.67                 
7.06                     10665.186                
7.07                     10668.702                
7.08                     10672.22                 
7.09                     10675.738                
7.1                      10679.258                
7.11                     10682.779                
7.12                     10686.301                
7.13                     10689.824                
7.14                     10693.349                
7.15                     10696.874                
7.16                     10700.4                  
7.17                     10703.928                
7.18                     10707.457                
7.19                     10710.987                
7.2                      10714.518                
7.21                     10718.05                 
7.22                     10721.583                
7.23                     10725.118                
7.24                     10728.653                
7.25                     10732.19                 
7.26                     10735.729                
7.27                     10739.268                
7.28                     10742.809                
7.29                     10746.351                
7.3                      10749.895                
7.31                     10753.438                
7.32                     10756.984                
7.33                     10760.531                
7.34                     10764.08                 
7.35                     10767.629                
7.36                     10771.18                 
7.37                     10774.731                
7.38                     10778.284                
7.39                     10781.838                
7.4                      10785.394                
7.41                     10788.949                
7.42                     10792.507                
7.43                     10796.065                
7.44                     10799.625                
7.45                     10803.187                
7.46                     10806.748                
7.47                     10810.312                
7.48                     10813.876                
7.49                     10817.441                
7.5                      10821.009                
7.51                     10824.576                
7.52                     10828.1455               
7.53                     10831.716                
7.54                     10835.287                
7.55                     10838.859                
7.56                     10842.434                
7.57                     10846.009                
7.58                     10849.585                
7.59                     10853.162                
7.6                      10856.74                 
7.61                     10860.32                 
7.62                     10863.901                
7.63                     10867.483                
7.64                     10871.066                
7.65                     10874.65                 
7.66                     10878.236                
7.67                     10881.822                
7.68                     10885.41                 
7.69                     10888.999                
7.7                      10892.59                 
7.71                     10896.181                
7.72                     10899.773                
7.73                     10903.367                
7.74                     10906.962                
7.75                     10910.559                
7.76                     10914.155                
7.77                     10917.754                
7.78                     10921.354                
7.79                     10924.954                
7.8                      10928.557                
7.81                     10932.159                
7.82                     10935.764                
7.83                     10939.369                
7.84                     10942.976                
7.85                     10946.584                
7.86                     10950.192                
7.87                     10953.803                
7.88                     10957.414                
7.89                     10961.026                
7.9                      10964.641                
7.91                     10968.256                
7.92                     10971.871                
7.93                     10975.488                
7.94                     10979.107                
7.95                     10982.727                
7.96                     10986.348                
7.97                     10989.97                 
7.98                     10993.593                
7.99                     10997.217                
8.0                      11000.843                
8.01                     11004.47                 
8.02                     11008.098                
8.03                     11011.727                
8.04                     11015.356                
8.05                     11018.988                
8.06                     11022.621                
8.07                     11026.255                
8.08                     11029.89                 
8.09                     11033.526                
8.1                      11037.163                
8.11                     11040.802                
8.12                     11044.441                
8.13                     11048.083                
8.14                     11051.725                
8.15                     11055.368                
8.16                     11059.013                
8.17                     11062.658                
8.18                     11066.306                
8.19                     11069.953                
8.2                      11073.603                
8.21                     11077.253                
8.22                     11080.904                
8.23                     11084.558                
8.24                     11088.212                
8.25                     11091.867                
8.26                     11095.523                
8.27                     11099.181                
8.28                     11102.84                 
8.29                     11106.5                  
8.3                      11110.162                
8.31                     11113.825                
8.32                     11117.488                
8.33                     11121.154                
8.34                     11124.82                 
8.35                     11128.488                
8.36                     11132.156                
8.37                     11135.827                
8.38                     11139.498                
8.39                     11143.171                
8.4                      11146.844                
8.41                     11150.519                
8.42                     11154.195                
8.43                     11157.872                
8.44                     11161.551                
8.45                     11165.23                 
8.46                     11168.911                
8.47                     11172.594                
8.48                     11176.276                
8.49                     11179.961                
8.5                      11183.647                
8.51                     11187.334                
8.52                     11191.022                
8.53                     11194.712                
8.54                     11198.402                
8.55                     11202.094                
8.56                     11205.787                
8.57                     11209.481                
8.58                     11213.177                
8.59                     11216.873                
8.6                      11220.571                
8.61                     11224.2705               
8.62                     11227.971                
8.63                     11231.672                
8.64                     11235.375                
8.65                     11239.079                
8.66                     11242.784                
8.67                     11246.49                 
8.68                     11250.198                
8.69                     11253.907                
8.7                      11257.617                
8.71                     11261.328                
8.72                     11265.041                
8.73                     11268.755                
8.74                     11272.47                 
8.75                     11276.186                
8.76                     11279.903                
8.77                     11283.622                
8.78                     11287.342                
8.79                     11291.0625               
8.8                      11294.785                
8.81                     11298.509                
8.82                     11302.233                
8.83                     11305.959                
8.84                     11309.687                
8.85                     11313.415                
8.86                     11317.145                
8.87                     11320.876                
8.88                     11324.607                
8.89                     11328.341                
8.9                      11332.076                
8.91                     11335.812                
8.92                     11339.549                
8.93                     11343.287                
8.94                     11347.026                
8.95                     11350.767                
8.96                     11354.509                
8.97                     11358.252                
8.98                     11361.997                
8.99                     11365.742                
9.0                      11369.489                
9.01                     11373.237                
9.02                     11376.986                
9.03                     11380.737                
9.04                     11384.489                
9.05                     11388.242                
9.06                     11391.996                
9.07                     11395.752                
9.08                     11399.509                
9.09                     11403.267                
9.1                      11407.026                
9.11                     11410.786                
9.12                     11414.548                
9.13                     11418.312                
9.14                     11422.075                
9.15                     11425.841                
9.16                     11429.607                
9.17                     11433.375                
9.18                     11437.145                
9.19                     11440.915                
9.2                      11444.687                
9.21                     11448.46                 
9.22                     11452.233                
9.23                     11456.009                
9.24                     11459.785                
9.25                     11463.563                
9.26                     11467.343                
9.27                     11471.123                
9.28                     11474.904                
9.29                     11478.6875               
9.3                      11482.472                
9.31                     11486.257                
9.32                     11490.043                
9.33                     11493.831                
9.34                     11497.62                 
9.35                     11501.41                 
9.36                     11505.202                
9.37                     11508.994                
9.38                     11512.789                
9.39                     11516.584                
9.4                      11520.381                
9.41                     11524.178                
9.42                     11527.978                
9.43                     11531.777                
9.44                     11535.579                
9.45                     11539.382                
9.46                     11543.186                
9.47                     11546.991                
9.48                     11550.798                
9.49                     11554.605                
9.5                      11558.414                
9.51                     11562.225                
9.52                     11566.036                
9.53                     11569.849                
9.54                     11573.663                
9.55                     11577.479                
9.56                     11581.295                
9.57                     11585.113                
9.58                     11588.932                
9.59                     11592.752                
9.6                      11596.574                
9.61                     11600.396                
9.62                     11604.221                
9.63                     11608.046                
9.64                     11611.873                
9.65                     11615.7                  
9.66                     11619.529                
9.67                     11623.36                 
9.68                     11627.191                
9.69                     11631.024                
9.7                      11634.859                
9.71                     11638.694                
9.72                     11642.531                
9.73                     11646.369                
9.74                     11650.208                
9.75                     11654.049                
9.76                     11657.891                
9.77                     11661.733                
9.78                     11665.578                
9.79                     11669.424                
9.8                      11673.2705               
9.81                     11677.118                
9.82                     11680.968                
9.83                     11684.818                
9.84                     11688.67                 
9.85                     11692.523                
9.86                     11696.378                
9.87                     11700.233                
9.88                     11704.091                
9.89                     11707.948                
9.9                      11711.809                
9.91                     11715.669                
9.92                     11719.531                
9.93                     11723.395                
9.94                     11727.259                
9.95                     11731.125                
9.96                     11734.992                
9.97                     11738.86                 
9.98                     11742.7295               
9.99                     11746.601                
10.0                     11750.473                
