% x                      
0.0                      0.025797958              
0.01                     0.025791304              
0.02                     0.03287639               
0.03                     0.03295391               
0.04                     0.032953404              
0.05                     0.032960948              
0.06                     0.03296147               
0.07                     0.032979142              
0.08                     0.03297643               
0.09                     0.03296556               
0.1                      0.03298426               
0.11                     0.033017263              
0.12                     0.033006366              
0.13                     0.032995474              
0.14                     0.032984592              
0.15                     0.032973714              
0.16                     0.032962848              
0.17                     0.033048023              
0.18                     0.033088278              
0.19                     0.033077333              
0.2                      0.033066396              
0.21                     0.033055466              
0.22                     0.033044543              
0.23                     0.033033624              
0.24                     0.033022717              
0.25                     0.033011816              
0.26                     0.033000924              
0.27                     0.032990035              
0.28                     0.032979157              
0.29                     0.032968283              
0.3                      0.0330024                
0.31                     0.033242274              
0.32                     0.033231225              
0.33                     0.033220187              
0.34                     0.033209156              
0.35                     0.03319813               
0.36                     0.033187114              
0.37                     0.0331761                
0.38                     0.0331651                
0.39                     0.033154104              
0.4                      0.033143114              
0.41                     0.033132136              
0.42                     0.03312116               
0.43                     0.033110194              
0.44                     0.033099234              
0.45                     0.03308828               
0.46                     0.033077337              
0.47                     0.0330664                
0.48                     0.03305547               
0.49                     0.033044547              
0.5                      0.03303363               
0.51                     0.033022724              
0.52                     0.03301182               
0.53                     0.033000927              
0.54                     0.032990042              
0.55                     0.03297916               
0.56                     0.032968286              
0.57                     0.033002246              
0.58                     0.033242278              
0.59                     0.033231232              
0.6                      0.033220194              
0.61                     0.03320916               
0.62                     0.033198137              
0.63                     0.033187117              
0.64                     0.03317611               
0.65                     0.033165105              
0.66                     0.03315411               
0.67                     0.03314312               
0.68                     0.03313214               
0.69                     0.033121165              
0.7                      0.0331102                
0.71                     0.03309924               
0.72                     0.03308829               
0.73                     0.033077344              
0.74                     0.033066407              
0.75                     0.033055477              
0.76                     0.033044554              
0.77                     0.03303364               
0.78                     0.033022728              
0.79                     0.033011828              
0.8                      0.033000935              
0.81                     0.032990046              
0.82                     0.032979168              
0.83                     0.032968294              
0.84                     0.033002097              
0.85                     0.033242285              
0.86                     0.03323124               
0.87                     0.033220198              
0.88                     0.033209167              
0.89                     0.03319814               
0.9                      0.033187125              
0.91                     0.033176113              
0.92                     0.033165112              
0.93                     0.033154115              
0.94                     0.033143125              
0.95                     0.033132147              
0.96                     0.033121172              
0.97                     0.033110205              
0.98                     0.033099245              
0.99                     0.033088293              
1.0                      0.03307735               
1.01                     0.033066414              
1.02                     0.03305548               
1.03                     0.033044558              
1.04                     0.033033643              
1.05                     0.033022735              
1.06                     0.033011835              
1.07                     0.03300094               
1.08                     0.032990053              
1.09                     0.03297917               
1.1                      0.0329683                
1.11                     0.032974992              
1.12                     0.033068173              
1.13                     0.03306583               
1.14                     0.033063486              
1.15                     0.033061143              
1.16                     0.0330588                
1.17                     0.033056453              
1.18                     0.033054106              
1.19                     0.033051755              
1.2                      0.03304941               
1.21                     0.033047054              
1.22                     0.033044703              
1.23                     0.03304235               
1.24                     0.033039995              
1.25                     0.033037636              
1.26                     0.03303528               
1.27                     0.03303292               
1.28                     0.033030562              
1.29                     0.0330282                
1.3                      0.033025835              
1.31                     0.033023473              
1.32                     0.033021107              
1.33                     0.03301874               
1.34                     0.033016372              
1.35                     0.033014003              
1.36                     0.033011634              
1.37                     0.03300926               
1.38                     0.033006888              
1.39                     0.033004515              
1.4                      0.03300214               
1.41                     0.032999765              
1.42                     0.032997385              
1.43                     0.032995008              
1.44                     0.032992627              
1.45                     0.032990243              
1.46                     0.032987863              
1.47                     0.03298548               
1.48                     0.032983094              
1.49                     0.032980707              
1.5                      0.03297832               
1.51                     0.03297593               
1.52                     0.03297354               
1.53                     0.032971147              
1.54                     0.032968756              
1.55                     0.032966364              
1.56                     0.03296397               
1.57                     0.032961573              
1.58                     0.032959174              
1.59                     0.032956775              
1.6                      0.032954376              
1.61                     0.032951973              
1.62                     0.032949574              
1.63                     0.03294717               
1.64                     0.032944765              
1.65                     0.03294868               
1.66                     0.032983143              
1.67                     0.032982267              
1.68                     0.03298139               
1.69                     0.03298051               
1.7                      0.032979626              
1.71                     0.03297874               
1.72                     0.032977853              
1.73                     0.03297696               
1.74                     0.032976065              
1.75                     0.03297517               
1.76                     0.03297427               
1.77                     0.032973368              
1.78                     0.032972462              
1.79                     0.032971557              
1.8                      0.032970645              
1.81                     0.03296973               
1.82                     0.03296882               
1.83                     0.0329679                
1.84                     0.03296698               
1.85                     0.032966055              
1.86                     0.032965127              
1.87                     0.0329642                
1.88                     0.03296327               
1.89                     0.032962333              
1.9                      0.0329614                
1.91                     0.032960456              
1.92                     0.032959517              
1.93                     0.03295857               
1.94                     0.032957625              
1.95                     0.032956675              
1.96                     0.03295572               
1.97                     0.032954764              
1.98                     0.032953806              
1.99                     0.032952845              
2.0                      0.032951884              
2.01                     0.032950915              
2.02                     0.032949947              
2.03                     0.03294898               
2.04                     0.032948002              
2.05                     0.032947026              
2.06                     0.032946046              
2.07                     0.032945067              
2.08                     0.032944083              
2.09                     0.032943096              
2.1                      0.032942105              
2.11                     0.032941114              
2.12                     0.03294012               
2.13                     0.03293912               
2.14                     0.032938123              
2.15                     0.03293712               
2.16                     0.032936115              
2.17                     0.03293511               
2.18                     0.0329341                
2.19                     0.03293655               
2.2                      0.032955915              
2.21                     0.032955743              
2.22                     0.03295557               
2.23                     0.03295539               
2.24                     0.032955207              
2.25                     0.032955024              
2.26                     0.032954834              
2.27                     0.032954644              
2.28                     0.032954447              
2.29                     0.03295425               
2.3                      0.03295405               
2.31                     0.032953843              
2.32                     0.032953635              
2.33                     0.032953423              
2.34                     0.032953206              
2.35                     0.032952987              
2.36                     0.032952767              
2.37                     0.03295254               
2.38                     0.032952312              
2.39                     0.032952078              
2.4                      0.032951843              
2.41                     0.032951605              
2.42                     0.032951362              
2.43                     0.032951117              
2.44                     0.032950867              
2.45                     0.032950617              
2.46                     0.03295036               
2.47                     0.032950103              
2.48                     0.03294984               
2.49                     0.032949574              
2.5                      0.032949306              
2.51                     0.032949034              
2.52                     0.03294876               
2.53                     0.03294848               
2.54                     0.032948196              
2.55                     0.032947913              
2.56                     0.032947622              
2.57                     0.03294733               
2.58                     0.032947037              
2.59                     0.032946736              
2.6                      0.032946434              
2.61                     0.032946132              
2.62                     0.032945823              
2.63                     0.03294551               
2.64                     0.032945197              
2.65                     0.032944877              
2.66                     0.032944556              
2.67                     0.032944232              
2.68                     0.032943904              
2.69                     0.032943573              
2.7                      0.032943238              
2.71                     0.032942902              
2.72                     0.03294256               
2.73                     0.03294373               
2.74                     0.032952353              
2.75                     0.032952372              
2.76                     0.03295239               
2.77                     0.032952406              
2.78                     0.032952417              
2.79                     0.032952424              
2.8                      0.032952428              
2.81                     0.032952428              
2.82                     0.032952424              
2.83                     0.032952417              
2.84                     0.032952406              
2.85                     0.03295239               
2.86                     0.032952376              
2.87                     0.032952353              
2.88                     0.032952327              
2.89                     0.032952297              
2.9                      0.032952268              
2.91                     0.03295223               
2.92                     0.032952193              
2.93                     0.03295215               
2.94                     0.032952104              
2.95                     0.032952055              
2.96                     0.032952                 
2.97                     0.032951944              
2.98                     0.032951884              
2.99                     0.03295182               
3.0                      0.032951754              
3.01                     0.032951683              
3.02                     0.03295161               
3.03                     0.03295153               
3.04                     0.032951448              
3.05                     0.032951362              
3.06                     0.032951277              
3.07                     0.032951184              
3.08                     0.032951087              
3.09                     0.03295099               
3.1                      0.032950886              
3.11                     0.03295078               
3.12                     0.032950673              
3.13                     0.032950558              
3.14                     0.032950442              
3.15                     0.032950323              
3.16                     0.0329502                
3.17                     0.032950073              
3.18                     0.032949943              
3.19                     0.03294981               
3.2                      0.032949675              
3.21                     0.032949533              
3.22                     0.032949388              
3.23                     0.032949243              
3.24                     0.032949094              
3.25                     0.032948937              
3.26                     0.03294878               
3.27                     0.032949995              
3.28                     0.032958057              
3.29                     0.03295823               
3.3                      0.0329584                
3.31                     0.032958563              
3.32                     0.032958724              
3.33                     0.032958884              
3.34                     0.032959037              
3.35                     0.03295919               
3.36                     0.032959335              
3.37                     0.03295948               
3.38                     0.032959618              
3.39                     0.032959756              
3.4                      0.032959886              
3.41                     0.032960016              
3.42                     0.03296014               
3.43                     0.03296026               
3.44                     0.032960378              
3.45                     0.03296049               
3.46                     0.0329606                
3.47                     0.032960705              
3.48                     0.03296081               
3.49                     0.032960907              
3.5                      0.032961003              
3.51                     0.032961097              
3.52                     0.032961182              
3.53                     0.032961268              
3.54                     0.032961346              
3.55                     0.032961424              
3.56                     0.032961495              
3.57                     0.032961566              
3.58                     0.032961633              
3.59                     0.032961696              
3.6                      0.032961752              
3.61                     0.03296181               
3.62                     0.03296186               
3.63                     0.03296191               
3.64                     0.03296195               
3.65                     0.03296199               
3.66                     0.032962028              
3.67                     0.03296206               
3.68                     0.03296209               
3.69                     0.032962117              
3.7                      0.03296214               
3.71                     0.03296216               
3.72                     0.032962173              
3.73                     0.032962184              
3.74                     0.03296219               
3.75                     0.032962196              
3.76                     0.0329622                
3.77                     0.032962196              
3.78                     0.032962188              
3.79                     0.032962177              
3.8                      0.032962166              
3.81                     0.032962147              
3.82                     0.03296213               
3.83                     0.032962102              
3.84                     0.032962076              
3.85                     0.032962043              
3.86                     0.03296201               
3.87                     0.032961972              
3.88                     0.032961927              
3.89                     0.032961883              
3.9                      0.032961834              
3.91                     0.032961782              
3.92                     0.032961726              
3.93                     0.032961667              
3.94                     0.032961603              
3.95                     0.032961536              
3.96                     0.032961465              
3.97                     0.03296139               
3.98                     0.032961316              
3.99                     0.032961234              
4.0                      0.03296115               
4.01                     0.032961063              
4.02                     0.03296097               
4.03                     0.032960877              
4.04                     0.03296078               
4.05                     0.032960676              
4.06                     0.03296057               
4.07                     0.032960463              
4.08                     0.03296035               
4.09                     0.032960236              
4.1                      0.032960117              
4.11                     0.032959994              
4.12                     0.032959867              
4.13                     0.032959737              
4.14                     0.032959606              
4.15                     0.03295947               
4.16                     0.03295933               
4.17                     0.032959186              
4.18                     0.03295904               
4.19                     0.03295889               
4.2                      0.032958735              
4.21                     0.03295858               
4.22                     0.032958418              
4.23                     0.032958254              
4.24                     0.032958087              
4.25                     0.03295792               
4.26                     0.032957744              
4.27                     0.032959145              
4.28                     0.032968305              
4.29                     0.032968327              
4.3                      0.03296835               
4.31                     0.032968365              
4.32                     0.03296838               
4.33                     0.032968387              
4.34                     0.032968394              
4.35                     0.0329684                
4.36                     0.032968394              
4.37                     0.03296839               
4.38                     0.032968383              
4.39                     0.032968372              
4.4                      0.032968357              
4.41                     0.03296834               
4.42                     0.032968316              
4.43                     0.03296829               
4.44                     0.03296826               
4.45                     0.032968227              
4.46                     0.03296819               
4.47                     0.03296815               
4.48                     0.032968104              
4.49                     0.03296806               
4.5                      0.032968007              
4.51                     0.03296795               
4.52                     0.032967895              
4.53                     0.032967832              
4.54                     0.03296777               
4.55                     0.0329677                
4.56                     0.032967627              
4.57                     0.032967553              
4.58                     0.032967474              
4.59                     0.032967392              
4.6                      0.032967307              
4.61                     0.032967214              
4.62                     0.032967124              
4.63                     0.032967027              
4.64                     0.032966927              
4.65                     0.032966822              
4.66                     0.032966714              
4.67                     0.032966606              
4.68                     0.03296649               
4.69                     0.032966375              
4.7                      0.032966252              
4.71                     0.03296613               
4.72                     0.032966                 
4.73                     0.03296587               
4.74                     0.032965735              
4.75                     0.032965597              
4.76                     0.032965455              
4.77                     0.03296531               
4.78                     0.03296516               
4.79                     0.032965012              
4.8                      0.032964855              
4.81                     0.032964695              
4.82                     0.032964535              
4.83                     0.032964367              
4.84                     0.0329642                
4.85                     0.03296403               
4.86                     0.03296385               
4.87                     0.03296367               
4.88                     0.03296349               
4.89                     0.032963302              
4.9                      0.032963116              
4.91                     0.032962922              
4.92                     0.032962725              
4.93                     0.032962527              
4.94                     0.032962322              
4.95                     0.032962117              
4.96                     0.032961905              
4.97                     0.032961693              
4.98                     0.032961477              
4.99                     0.032961257              
5.0                      0.032961033              
5.01                     0.032960806              
5.02                     0.03296058               
5.03                     0.032960344              
5.04                     0.032960106              
5.05                     0.032959867              
5.06                     0.032959625              
5.07                     0.03295938               
5.08                     0.032959126              
5.09                     0.032958873              
5.1                      0.03295862               
5.11                     0.03295836               
5.12                     0.032958094              
5.13                     0.03295783               
5.14                     0.032957558              
5.15                     0.032957286              
5.16                     0.03295701               
5.17                     0.032956727              
5.18                     0.032956444              
5.19                     0.03295616               
5.2                      0.03295587               
5.21                     0.032955576              
5.22                     0.03295528               
5.23                     0.03295498               
5.24                     0.032954678              
5.25                     0.032954372              
5.26                     0.032954063              
5.27                     0.03295619               
5.28                     0.032970317              
5.29                     0.03297032               
5.3                      0.032970317              
5.31                     0.032970313              
5.32                     0.032970306              
5.33                     0.032970294              
5.34                     0.03297028               
5.35                     0.03297026               
5.36                     0.03297024               
5.37                     0.032970212              
5.38                     0.032970183              
5.39                     0.032970153              
5.4                      0.032970116              
5.41                     0.032970075              
5.42                     0.03297003               
5.43                     0.032969985              
5.44                     0.032969933              
5.45                     0.03296988               
5.46                     0.03296982               
5.47                     0.03296976               
5.48                     0.0329697                
5.49                     0.032969628              
5.5                      0.032969557              
5.51                     0.032969482              
5.52                     0.032969404              
5.53                     0.032969322              
5.54                     0.032969236              
5.55                     0.032969147              
5.56                     0.032969054              
5.57                     0.032968957              
5.58                     0.032968856              
5.59                     0.032968756              
5.6                      0.032968648              
5.61                     0.032968536              
5.62                     0.032968424              
5.63                     0.03296831               
5.64                     0.032968186              
5.65                     0.032968063              
5.66                     0.032967936              
5.67                     0.032967806              
5.68                     0.03296767               
5.69                     0.032967534              
5.7                      0.032967392              
5.71                     0.032967247              
5.72                     0.032967098              
5.73                     0.032966945              
5.74                     0.032966793              
5.75                     0.032966632              
5.76                     0.032966472              
5.77                     0.032966305              
5.78                     0.032966137              
5.79                     0.032965966              
5.8                      0.03296579               
5.81                     0.03296561               
5.82                     0.03296543               
5.83                     0.032965243              
5.84                     0.032965053              
5.85                     0.032964863              
5.86                     0.032964665              
5.87                     0.032964464              
5.88                     0.032964263              
5.89                     0.03296406               
5.9                      0.03296385               
5.91                     0.032963634              
5.92                     0.032963417              
5.93                     0.032963198              
5.94                     0.032962978              
5.95                     0.03296275               
5.96                     0.03296252               
5.97                     0.03296229               
5.98                     0.03296205               
5.99                     0.032961812              
6.0                      0.03296157               
6.01                     0.032961324              
6.02                     0.032961074              
6.03                     0.03296082               
6.04                     0.032960564              
6.05                     0.032960303              
6.06                     0.03296004               
6.07                     0.032959774              
6.08                     0.032959506              
6.09                     0.03295923               
6.1                      0.032958955              
6.11                     0.032958675              
6.12                     0.032958392              
6.13                     0.032958105              
6.14                     0.03295782               
6.15                     0.032957524              
6.16                     0.03295723               
6.17                     0.032956928              
6.18                     0.032956626              
6.19                     0.03295632               
6.2                      0.03295601               
6.21                     0.0329557                
6.22                     0.032955382              
6.23                     0.032955065              
6.24                     0.03295474               
6.25                     0.032954417              
6.26                     0.03295409               
6.27                     0.03295629               
6.28                     0.032970957              
6.29                     0.032970954              
6.3                      0.032970946              
6.31                     0.032970935              
6.32                     0.03297092               
6.33                     0.0329709                
6.34                     0.032970883              
6.35                     0.032970857              
6.36                     0.032970827              
6.37                     0.032970794              
6.38                     0.03297076               
6.39                     0.03297072               
6.4                      0.032970678              
6.41                     0.03297063               
6.42                     0.03297058               
6.43                     0.032970525              
6.44                     0.03297047               
6.45                     0.032970406              
6.46                     0.032970343              
6.47                     0.032970276              
6.48                     0.032970205              
6.49                     0.03297013               
6.5                      0.032970052              
6.51                     0.03296997               
6.52                     0.032969885              
6.53                     0.032969795              
6.54                     0.032969702              
6.55                     0.03296961               
6.56                     0.03296951               
6.57                     0.032969404              
6.58                     0.0329693                
6.59                     0.032969188              
6.6                      0.032969076              
6.61                     0.03296896               
6.62                     0.032968838              
6.63                     0.032968715              
6.64                     0.03296859               
6.65                     0.032968458              
6.66                     0.032968324              
6.67                     0.032968186              
6.68                     0.032968044              
6.69                     0.032967903              
6.7                      0.032967754              
6.71                     0.0329676                
6.72                     0.03296745               
6.73                     0.03296729               
6.74                     0.032967128              
6.75                     0.032966964              
6.76                     0.032966796              
6.77                     0.032966625              
6.78                     0.03296645               
6.79                     0.03296627               
6.8                      0.03296609               
6.81                     0.032965902              
6.82                     0.032965712              
6.83                     0.032965522              
6.84                     0.032965325              
6.85                     0.032965127              
6.86                     0.032964926              
6.87                     0.032964718              
6.88                     0.03296451               
6.89                     0.032964297              
6.9                      0.03296408               
6.91                     0.032963865              
6.92                     0.03296364               
6.93                     0.032963414              
6.94                     0.032963187              
6.95                     0.03296295               
6.96                     0.032962717              
6.97                     0.03296248               
6.98                     0.032962233              
6.99                     0.032961987              
7.0                      0.032961737              
7.01                     0.032961488              
7.02                     0.03296123               
7.03                     0.03296097               
7.04                     0.03296071               
7.05                     0.03296044               
7.06                     0.032960173              
7.07                     0.0329599                
7.08                     0.032959625              
7.09                     0.032959346              
7.1                      0.032959063              
7.11                     0.032958776              
7.12                     0.03295849               
7.13                     0.032958195              
7.14                     0.0329579                
7.15                     0.032957602              
7.16                     0.0329573                
7.17                     0.03295699               
7.18                     0.032956686              
7.19                     0.032956373              
7.2                      0.032956056              
7.21                     0.03295574               
7.22                     0.032955416              
7.23                     0.03295509               
7.24                     0.032954764              
7.25                     0.032954432              
7.26                     0.032954097              
7.27                     0.032955155              
7.28                     0.032963138              
7.29                     0.032963075              
7.3                      0.032963015              
7.31                     0.03296295               
7.32                     0.03296289               
7.33                     0.03296282               
7.34                     0.032962758              
7.35                     0.03296269               
7.36                     0.032962624              
7.37                     0.032962557              
7.38                     0.03296249               
7.39                     0.032962423              
7.4                      0.032962352              
7.41                     0.03296228               
7.42                     0.032962214              
7.43                     0.03296214               
7.44                     0.03296207               
7.45                     0.032961998              
7.46                     0.032961924              
7.47                     0.03296185               
7.48                     0.032961775              
7.49                     0.0329617                
7.5                      0.032961626              
7.51                     0.032961547              
7.52                     0.032961473              
7.53                     0.032961395              
7.54                     0.032961316              
7.55                     0.03296124               
7.56                     0.032961156              
7.57                     0.032961078              
7.58                     0.032960996              
7.59                     0.032960914              
7.6                      0.032960832              
7.61                     0.03296075               
7.62                     0.032960664              
7.63                     0.03296058               
7.64                     0.032960497              
7.65                     0.03296041               
7.66                     0.03296032               
7.67                     0.032960236              
7.68                     0.032960147              
7.69                     0.03296006               
7.7                      0.03295997               
7.71                     0.032959882              
7.72                     0.03295979               
7.73                     0.0329597                
7.74                     0.032959606              
7.75                     0.032959517              
7.76                     0.032959424              
7.77                     0.032959327              
7.78                     0.032959234              
7.79                     0.032959137              
7.8                      0.032959044              
7.81                     0.032958947              
7.82                     0.03295885               
7.83                     0.032958753              
7.84                     0.032958653              
7.85                     0.032958552              
7.86                     0.032958455              
7.87                     0.032958355              
7.88                     0.032958254              
7.89                     0.03295815               
7.9                      0.03295805               
7.91                     0.032957945              
7.92                     0.03295784               
7.93                     0.032957736              
7.94                     0.032957632              
7.95                     0.032957524              
7.96                     0.03295742               
7.97                     0.03295731               
7.98                     0.032957204              
7.99                     0.032957096              
8.0                      0.032956984              
8.01                     0.032956876              
8.02                     0.032956764              
8.03                     0.032956652              
8.04                     0.03295654               
8.05                     0.03295643               
8.06                     0.032956317              
8.07                     0.0329562                
8.08                     0.032956086              
8.09                     0.03295597               
8.1                      0.032955855              
8.11                     0.03295574               
8.12                     0.03295562               
8.13                     0.0329555                
8.14                     0.032955382              
8.15                     0.032955263              
8.16                     0.032955144              
8.17                     0.032955024              
8.18                     0.0329549                
8.19                     0.03295478               
8.2                      0.032954656              
8.21                     0.032954533              
8.22                     0.03295441               
8.23                     0.032954283              
8.24                     0.032954156              
8.25                     0.032954033              
8.26                     0.032953903              
8.27                     0.03295428               
8.28                     0.032957133              
8.29                     0.032957107              
8.3                      0.032957077              
8.31                     0.03295705               
8.32                     0.032957025              
8.33                     0.032957                 
8.34                     0.03295697               
8.35                     0.032956943              
8.36                     0.032956917              
8.37                     0.03295689               
8.38                     0.03295687               
8.39                     0.032956842              
8.4                      0.032956816              
8.41                     0.03295679               
8.42                     0.032956768              
8.43                     0.03295674               
8.44                     0.03295672               
8.45                     0.032956693              
8.46                     0.03295667               
8.47                     0.03295665               
8.48                     0.032956623              
8.49                     0.0329566                
8.5                      0.032956578              
8.51                     0.032956555              
8.52                     0.032956533              
8.53                     0.03295651               
8.54                     0.03295649               
8.55                     0.032956466              
8.56                     0.032956444              
8.57                     0.03295642               
8.58                     0.032956403              
8.59                     0.03295638               
8.6                      0.032956358              
8.61                     0.03295634               
8.62                     0.032956317              
8.63                     0.0329563                
8.64                     0.032956276              
8.65                     0.032956257              
8.66                     0.03295624               
8.67                     0.03295622               
8.68                     0.032956198              
8.69                     0.03295618               
8.7                      0.03295616               
8.71                     0.032956142              
8.72                     0.032956123              
8.73                     0.032956105              
8.74                     0.032956086              
8.75                     0.032956067              
8.76                     0.03295605               
8.77                     0.032956034              
8.78                     0.032956015              
8.79                     0.032955997              
8.8                      0.03295598               
8.81                     0.032955963              
8.82                     0.032955945              
8.83                     0.03295593               
8.84                     0.03295591               
8.85                     0.032955896              
8.86                     0.03295588               
8.87                     0.032955863              
8.88                     0.032955848              
8.89                     0.032955833              
8.9                      0.032955818              
8.91                     0.0329558                
8.92                     0.032955784              
8.93                     0.03295577               
8.94                     0.032955755              
8.95                     0.03295574               
8.96                     0.032955725              
8.97                     0.03295571               
8.98                     0.032955695              
8.99                     0.03295568               
9.0                      0.03295567               
9.01                     0.032955654              
9.02                     0.03295564               
9.03                     0.032955624              
9.04                     0.032955613              
9.05                     0.032955598              
9.06                     0.032955587              
9.07                     0.032955572              
9.08                     0.032955557              
9.09                     0.032955546              
9.1                      0.032955535              
9.11                     0.03295552               
9.12                     0.03295551               
9.13                     0.032955494              
9.14                     0.032955483              
9.15                     0.03295547               
9.16                     0.032955457              
9.17                     0.032955445              
9.18                     0.032955434              
9.19                     0.032955423              
9.2                      0.03295541               
9.21                     0.0329554                
9.22                     0.03295539               
9.23                     0.032955375              
9.24                     0.032955363              
9.25                     0.032955352              
9.26                     0.032955345              
9.27                     0.032955293              
9.28                     0.032955054              
9.29                     0.032955036              
9.3                      0.032955017              
9.31                     0.032955                 
9.32                     0.032954983              
9.33                     0.032954965              
9.34                     0.032954946              
9.35                     0.032954928              
9.36                     0.03295491               
9.37                     0.03295489               
9.38                     0.03295487               
9.39                     0.032954853              
9.4                      0.032954834              
9.41                     0.032954816              
9.42                     0.0329548                
9.43                     0.032954782              
9.44                     0.032954764              
9.45                     0.032954745              
9.46                     0.032954726              
9.47                     0.032954708              
9.48                     0.03295469               
9.49                     0.032954674              
9.5                      0.032954656              
9.51                     0.032954637              
9.52                     0.03295462               
9.53                     0.0329546                
9.54                     0.03295458               
9.55                     0.032954562              
9.56                     0.032954548              
9.57                     0.03295453               
9.58                     0.03295451               
9.59                     0.03295449               
9.6                      0.032954473              
9.61                     0.032954454              
9.62                     0.03295444               
9.63                     0.03295442               
9.64                     0.032954402              
9.65                     0.032954384              
9.66                     0.032954365              
9.67                     0.032954346              
9.68                     0.032954328              
9.69                     0.03295431               
9.7                      0.032954294              
9.71                     0.032954276              
9.72                     0.032954257              
9.73                     0.03295424               
9.74                     0.03295422               
9.75                     0.0329542                
9.76                     0.032954182              
9.77                     0.032954164              
9.78                     0.032954145              
9.79                     0.032954127              
9.8                      0.032954108              
9.81                     0.03295409               
9.82                     0.032954074              
9.83                     0.032954056              
9.84                     0.032954037              
9.85                     0.03295402               
9.86                     0.032954                 
9.87                     0.03295398               
9.88                     0.032953963              
9.89                     0.032953944              
9.9                      0.03295392               
9.91                     0.032953903              
9.92                     0.032953884              
9.93                     0.032953866              
9.94                     0.032953847              
9.95                     0.03295383               
9.96                     0.03295381               
9.97                     0.03295379               
9.98                     0.032953773              
9.99                     0.032953754              
10.0                     0.03295373               
