% x                      
0.0                      1.0                      
0.01                     1.4242615                
0.02                     1.4293046                
0.03                     1.4297595                
0.04                     1.4302448                
0.05                     1.4307189                
0.06                     1.4311917                
0.07                     1.4316641                
0.08                     1.4321364                
0.09                     1.4326087                
0.1                      1.4330815                
0.11                     1.4335548                
0.12                     1.4340281                
0.13                     1.4345014                
0.14                     1.4349748                
0.15                     1.435448                 
0.16                     1.4359214                
0.17                     1.4363961                
0.18                     1.4368715                
0.19                     1.4373469                
0.2                      1.4378225                
0.21                     1.4382979                
0.22                     1.4387733                
0.23                     1.4392487                
0.24                     1.4397242                
0.25                     1.4401996                
0.26                     1.440675                 
0.27                     1.4411504                
0.28                     1.441626                 
0.29                     1.4421014                
0.3                      1.4425775                
0.31                     1.4430572                
0.32                     1.4435369                
0.33                     1.4440166                
0.34                     1.4444963                
0.35                     1.444976                 
0.36                     1.4454557                
0.37                     1.4459354                
0.38                     1.4464151                
0.39                     1.4468948                
0.4                      1.4473745                
0.41                     1.4478542                
0.42                     1.4483339                
0.43                     1.4488136                
0.44                     1.4492933                
0.45                     1.449773                 
0.46                     1.4502528                
0.47                     1.4507325                
0.48                     1.4512122                
0.49                     1.4516919                
0.5                      1.4521716                
0.51                     1.4526513                
0.52                     1.453131                 
0.53                     1.4536107                
0.54                     1.4540904                
0.55                     1.45457                  
0.56                     1.4550498                
0.57                     1.4555302                
0.58                     1.4560142                
0.59                     1.4564981                
0.6                      1.4569821                
0.61                     1.4574661                
0.62                     1.4579502                
0.63                     1.4584342                
0.64                     1.4589182                
0.65                     1.4594022                
0.66                     1.4598862                
0.67                     1.4603703                
0.68                     1.4608543                
0.69                     1.4613383                
0.7                      1.4618223                
0.71                     1.4623063                
0.72                     1.4627903                
0.73                     1.4632744                
0.74                     1.4637583                
0.75                     1.4642423                
0.76                     1.4647263                
0.77                     1.4652103                
0.78                     1.4656944                
0.79                     1.4661784                
0.8                      1.4666624                
0.81                     1.4671464                
0.82                     1.4676304                
0.83                     1.4681145                
0.84                     1.4685991                
0.85                     1.4690875                
0.86                     1.4695759                
0.87                     1.4700642                
0.88                     1.4705526                
0.89                     1.4710408                
0.9                      1.4715292                
0.91                     1.4720176                
0.92                     1.4725059                
0.93                     1.4729943                
0.94                     1.4734827                
0.95                     1.473971                 
0.96                     1.4744594                
0.97                     1.4749478                
0.98                     1.4754361                
0.99                     1.4759245                
1.0                      1.4764129                
1.01                     1.4769012                
1.02                     1.4773896                
1.03                     1.477878                 
1.04                     1.4783663                
1.05                     1.4788547                
1.06                     1.4793429                
1.07                     1.4798313                
1.08                     1.4803197                
1.09                     1.480808                 
1.1                      1.4812964                
1.11                     1.481785                 
1.12                     1.4822752                
1.13                     1.4827654                
1.14                     1.4832559                
1.15                     1.4837464                
1.16                     1.4842371                
1.17                     1.484728                 
1.18                     1.4852189                
1.19                     1.4857099                
1.2                      1.486201                 
1.21                     1.4866924                
1.22                     1.4871838                
1.23                     1.4876754                
1.24                     1.488167                 
1.25                     1.4886589                
1.26                     1.4891509                
1.27                     1.4896429                
1.28                     1.4901351                
1.29                     1.4906274                
1.3                      1.4911199                
1.31                     1.4916124                
1.32                     1.4921052                
1.33                     1.492598                 
1.34                     1.493091                 
1.35                     1.493584                 
1.36                     1.4940773                
1.37                     1.4945706                
1.38                     1.4950641                
1.39                     1.4955577                
1.4                      1.4960514                
1.41                     1.4965453                
1.42                     1.4970393                
1.43                     1.4975334                
1.44                     1.4980277                
1.45                     1.498522                 
1.46                     1.4990165                
1.47                     1.4995111                
1.48                     1.5000058                
1.49                     1.5005008                
1.5                      1.5009958                
1.51                     1.5014908                
1.52                     1.5019861                
1.53                     1.5024816                
1.54                     1.502977                 
1.55                     1.5034727                
1.56                     1.5039685                
1.57                     1.5044644                
1.58                     1.5049604                
1.59                     1.5054566                
1.6                      1.5059528                
1.61                     1.5064492                
1.62                     1.5069457                
1.63                     1.5074424                
1.64                     1.5079392                
1.65                     1.5084362                
1.66                     1.5089339                
1.67                     1.5094317                
1.68                     1.5099297                
1.69                     1.5104278                
1.7                      1.5109261                
1.71                     1.5114247                
1.72                     1.5119232                
1.73                     1.512422                 
1.74                     1.5129209                
1.75                     1.5134199                
1.76                     1.5139191                
1.77                     1.5144185                
1.78                     1.514918                 
1.79                     1.5154177                
1.8                      1.5159174                
1.81                     1.5164174                
1.82                     1.5169175                
1.83                     1.5174178                
1.84                     1.5179182                
1.85                     1.5184188                
1.86                     1.5189195                
1.87                     1.5194204                
1.88                     1.5199213                
1.89                     1.5204225                
1.9                      1.5209239                
1.91                     1.5214252                
1.92                     1.5219269                
1.93                     1.5224286                
1.94                     1.5229306                
1.95                     1.5234327                
1.96                     1.523935                 
1.97                     1.5244373                
1.98                     1.5249398                
1.99                     1.5254425                
2.0                      1.5259453                
2.01                     1.5264482                
2.02                     1.5269514                
2.03                     1.5274547                
2.04                     1.5279582                
2.05                     1.5284617                
2.06                     1.5289655                
2.07                     1.5294694                
2.08                     1.5299734                
2.09                     1.5304775                
2.1                      1.5309819                
2.11                     1.5314864                
2.12                     1.531991                 
2.13                     1.5324959                
2.14                     1.5330007                
2.15                     1.5335058                
2.16                     1.5340111                
2.17                     1.5345165                
2.18                     1.535022                 
2.19                     1.5355278                
2.2                      1.536034                 
2.21                     1.5365404                
2.22                     1.5370469                
2.23                     1.5375537                
2.24                     1.5380605                
2.25                     1.5385675                
2.26                     1.5390748                
2.27                     1.5395821                
2.28                     1.5400896                
2.29                     1.5405973                
2.3                      1.5411052                
2.31                     1.5416132                
2.32                     1.5421214                
2.33                     1.5426297                
2.34                     1.5431383                
2.35                     1.5436469                
2.36                     1.5441557                
2.37                     1.5446647                
2.38                     1.5451739                
2.39                     1.5456833                
2.4                      1.5461928                
2.41                     1.5467024                
2.42                     1.5472122                
2.43                     1.5477222                
2.44                     1.5482324                
2.45                     1.5487428                
2.46                     1.5492532                
2.47                     1.5497638                
2.48                     1.5502746                
2.49                     1.5507857                
2.5                      1.5512968                
2.51                     1.5518081                
2.52                     1.5523195                
2.53                     1.5528312                
2.54                     1.5533429                
2.55                     1.553855                 
2.56                     1.5543671                
2.57                     1.5548794                
2.58                     1.5553918                
2.59                     1.5559045                
2.6                      1.5564172                
2.61                     1.5569302                
2.62                     1.5574433                
2.63                     1.5579566                
2.64                     1.55847                  
2.65                     1.5589836                
2.66                     1.5594974                
2.67                     1.5600113                
2.68                     1.5605254                
2.69                     1.5610397                
2.7                      1.5615541                
2.71                     1.5620687                
2.72                     1.5625834                
2.73                     1.5630984                
2.74                     1.5636137                
2.75                     1.5641291                
2.76                     1.5646447                
2.77                     1.5651604                
2.78                     1.5656763                
2.79                     1.5661924                
2.8                      1.5667087                
2.81                     1.5672251                
2.82                     1.5677418                
2.83                     1.5682585                
2.84                     1.5687755                
2.85                     1.5692925                
2.86                     1.5698099                
2.87                     1.5703274                
2.88                     1.570845                 
2.89                     1.5713627                
2.9                      1.5718807                
2.91                     1.5723989                
2.92                     1.5729172                
2.93                     1.5734357                
2.94                     1.5739543                
2.95                     1.5744731                
2.96                     1.5749922                
2.97                     1.5755113                
2.98                     1.5760306                
2.99                     1.5765501                
3.0                      1.5770698                
3.01                     1.5775896                
3.02                     1.5781096                
3.03                     1.5786299                
3.04                     1.5791502                
3.05                     1.5796708                
3.06                     1.5801914                
3.07                     1.5807123                
3.08                     1.5812333                
3.09                     1.5817546                
3.1                      1.5822759                
3.11                     1.5827974                
3.12                     1.5833192                
3.13                     1.5838411                
3.14                     1.5843631                
3.15                     1.5848854                
3.16                     1.5854077                
3.17                     1.5859302                
3.18                     1.586453                 
3.19                     1.5869759                
3.2                      1.587499                 
3.21                     1.5880222                
3.22                     1.5885457                
3.23                     1.5890692                
3.24                     1.589593                 
3.25                     1.590117                 
3.26                     1.590641                 
3.27                     1.5911653                
3.28                     1.59169                  
3.29                     1.5922147                
3.3                      1.5927396                
3.31                     1.5932647                
3.32                     1.59379                  
3.33                     1.5943155                
3.34                     1.5948411                
3.35                     1.595367                 
3.36                     1.5958929                
3.37                     1.5964191                
3.38                     1.5969455                
3.39                     1.597472                 
3.4                      1.5979987                
3.41                     1.5985255                
3.42                     1.5990527                
3.43                     1.5995798                
3.44                     1.6001072                
3.45                     1.6006348                
3.46                     1.6011626                
3.47                     1.6016905                
3.48                     1.6022186                
3.49                     1.6027468                
3.5                      1.6032753                
3.51                     1.603804                 
3.52                     1.6043328                
3.53                     1.6048617                
3.54                     1.6053909                
3.55                     1.6059202                
3.56                     1.6064497                
3.57                     1.6069795                
3.58                     1.6075093                
3.59                     1.6080394                
3.6                      1.6085695                
3.61                     1.6091                   
3.62                     1.6096305                
3.63                     1.6101613                
3.64                     1.6106921                
3.65                     1.6112232                
3.66                     1.6117545                
3.67                     1.612286                 
3.68                     1.6128176                
3.69                     1.6133494                
3.7                      1.6138813                
3.71                     1.6144135                
3.72                     1.6149458                
3.73                     1.6154783                
3.74                     1.616011                 
3.75                     1.6165439                
3.76                     1.6170769                
3.77                     1.6176101                
3.78                     1.6181434                
3.79                     1.618677                 
3.8                      1.6192107                
3.81                     1.6197447                
3.82                     1.6202787                
3.83                     1.6208129                
3.84                     1.6213474                
3.85                     1.621882                 
3.86                     1.6224167                
3.87                     1.6229517                
3.88                     1.6234869                
3.89                     1.6240221                
3.9                      1.6245576                
3.91                     1.6250933                
3.92                     1.6256292                
3.93                     1.6261652                
3.94                     1.6267014                
3.95                     1.6272377                
3.96                     1.6277742                
3.97                     1.6283109                
3.98                     1.6288478                
3.99                     1.6293849                
4.0                      1.6299222                
4.01                     1.6304595                
4.02                     1.6309972                
4.03                     1.6315349                
4.04                     1.6320729                
4.05                     1.632611                 
4.06                     1.6331493                
4.07                     1.6336877                
4.08                     1.6342264                
4.09                     1.6347653                
4.1                      1.6353042                
4.11                     1.6358434                
4.12                     1.6363827                
4.13                     1.6369222                
4.14                     1.637462                 
4.15                     1.6380018                
4.16                     1.6385419                
4.17                     1.6390821                
4.18                     1.6396226                
4.19                     1.6401631                
4.2                      1.6407039                
4.21                     1.6412448                
4.22                     1.6417859                
4.23                     1.6423272                
4.24                     1.6428686                
4.25                     1.6434103                
4.26                     1.6439521                
4.27                     1.644494                 
4.28                     1.6450365                
4.29                     1.645579                 
4.3                      1.6461216                
4.31                     1.6466645                
4.32                     1.6472076                
4.33                     1.6477509                
4.34                     1.6482942                
4.35                     1.6488378                
4.36                     1.6493816                
4.37                     1.6499256                
4.38                     1.6504697                
4.39                     1.651014                 
4.4                      1.6515585                
4.41                     1.6521032                
4.42                     1.6526481                
4.43                     1.6531931                
4.44                     1.6537383                
4.45                     1.6542836                
4.46                     1.6548293                
4.47                     1.655375                 
4.48                     1.6559209                
4.49                     1.656467                 
4.5                      1.6570133                
4.51                     1.6575598                
4.52                     1.6581064                
4.53                     1.6586533                
4.54                     1.6592002                
4.55                     1.6597474                
4.56                     1.6602948                
4.57                     1.6608423                
4.58                     1.6613901                
4.59                     1.661938                 
4.6                      1.662486                 
4.61                     1.6630342                
4.62                     1.6635827                
4.63                     1.6641313                
4.64                     1.6646801                
4.65                     1.6652291                
4.66                     1.6657782                
4.67                     1.6663276                
4.68                     1.666877                 
4.69                     1.6674267                
4.7                      1.6679766                
4.71                     1.6685266                
4.72                     1.6690769                
4.73                     1.6696273                
4.74                     1.6701779                
4.75                     1.6707287                
4.76                     1.6712795                
4.77                     1.6718308                
4.78                     1.672382                 
4.79                     1.6729335                
4.8                      1.6734852                
4.81                     1.674037                 
4.82                     1.674589                 
4.83                     1.6751412                
4.84                     1.6756936                
4.85                     1.6762462                
4.86                     1.6767989                
4.87                     1.6773518                
4.88                     1.677905                 
4.89                     1.6784582                
4.9                      1.6790117                
4.91                     1.6795653                
4.92                     1.680119                 
4.93                     1.6806731                
4.94                     1.6812272                
4.95                     1.6817816                
4.96                     1.6823361                
4.97                     1.6828909                
4.98                     1.6834457                
4.99                     1.6840008                
5.0                      1.684556                 
5.01                     1.6851115                
5.02                     1.685667                 
5.03                     1.6862229                
5.04                     1.6867788                
5.05                     1.687335                 
5.06                     1.6878912                
5.07                     1.6884478                
5.08                     1.6890045                
5.09                     1.6895614                
5.1                      1.6901184                
5.11                     1.6906756                
5.12                     1.691233                 
5.13                     1.6917906                
5.14                     1.6923484                
5.15                     1.6929063                
5.16                     1.6934644                
5.17                     1.6940227                
5.18                     1.6945812                
5.19                     1.6951398                
5.2                      1.6956986                
5.21                     1.6962576                
5.22                     1.6968168                
5.23                     1.6973763                
5.24                     1.6979358                
5.25                     1.6984955                
5.26                     1.6990554                
5.27                     1.6996155                
5.28                     1.7001761                
5.29                     1.7007368                
5.3                      1.7012978                
5.31                     1.7018589                
5.32                     1.7024201                
5.33                     1.7029816                
5.34                     1.7035433                
5.35                     1.7041051                
5.36                     1.7046672                
5.37                     1.7052294                
5.38                     1.7057918                
5.39                     1.7063544                
5.4                      1.7069172                
5.41                     1.7074801                
5.42                     1.7080432                
5.43                     1.7086066                
5.44                     1.7091701                
5.45                     1.7097337                
5.46                     1.7102977                
5.47                     1.7108617                
5.48                     1.711426                 
5.49                     1.7119905                
5.5                      1.712555                 
5.51                     1.7131199                
5.52                     1.7136848                
5.53                     1.71425                  
5.54                     1.7148154                
5.55                     1.7153809                
5.56                     1.7159467                
5.57                     1.7165126                
5.58                     1.7170787                
5.59                     1.7176449                
5.6                      1.7182114                
5.61                     1.7187781                
5.62                     1.719345                 
5.63                     1.7199119                
5.64                     1.7204791                
5.65                     1.7210466                
5.66                     1.7216141                
5.67                     1.7221819                
5.68                     1.7227498                
5.69                     1.723318                 
5.7                      1.7238864                
5.71                     1.7244548                
5.72                     1.7250235                
5.73                     1.7255924                
5.74                     1.7261615                
5.75                     1.7267307                
5.76                     1.7273002                
5.77                     1.7278697                
5.78                     1.7284396                
5.79                     1.7290095                
5.8                      1.7295797                
5.81                     1.73015                  
5.82                     1.7307206                
5.83                     1.7312913                
5.84                     1.7318622                
5.85                     1.7324333                
5.86                     1.7330046                
5.87                     1.733576                 
5.88                     1.7341477                
5.89                     1.7347195                
5.9                      1.7352916                
5.91                     1.7358638                
5.92                     1.7364361                
5.93                     1.7370087                
5.94                     1.7375815                
5.95                     1.7381544                
5.96                     1.7387276                
5.97                     1.7393008                
5.98                     1.7398744                
5.99                     1.740448                 
6.0                      1.7410219                
6.01                     1.741596                 
6.02                     1.7421702                
6.03                     1.7427447                
6.04                     1.7433193                
6.05                     1.743894                 
6.06                     1.744469                 
6.07                     1.7450441                
6.08                     1.7456195                
6.09                     1.7461951                
6.1                      1.7467707                
6.11                     1.7473466                
6.12                     1.7479228                
6.13                     1.748499                 
6.14                     1.7490755                
6.15                     1.7496521                
6.16                     1.750229                 
6.17                     1.750806                 
6.18                     1.7513832                
6.19                     1.7519605                
6.2                      1.7525381                
6.21                     1.7531159                
6.22                     1.7536938                
6.23                     1.7542719                
6.24                     1.7548503                
6.25                     1.7554287                
6.26                     1.7560074                
6.27                     1.7565863                
6.28                     1.7571657                
6.29                     1.7577451                
6.3                      1.758325                 
6.31                     1.7589048                
6.32                     1.759485                 
6.33                     1.7600653                
6.34                     1.7606457                
6.35                     1.7612265                
6.36                     1.7618073                
6.37                     1.7623885                
6.38                     1.7629697                
6.39                     1.7635511                
6.4                      1.7641329                
6.41                     1.7647146                
6.42                     1.7652967                
6.43                     1.7658789                
6.44                     1.7664613                
6.45                     1.767044                 
6.46                     1.7676266                
6.47                     1.7682097                
6.48                     1.7687929                
6.49                     1.7693763                
6.5                      1.7699598                
6.51                     1.7705436                
6.52                     1.7711275                
6.53                     1.7717116                
6.54                     1.772296                 
6.55                     1.7728804                
6.56                     1.7734652                
6.57                     1.77405                  
6.58                     1.7746351                
6.59                     1.7752204                
6.6                      1.7758058                
6.61                     1.7763915                
6.62                     1.7769773                
6.63                     1.7775635                
6.64                     1.7781496                
6.65                     1.778736                 
6.66                     1.7793226                
6.67                     1.7799095                
6.68                     1.7804965                
6.69                     1.7810837                
6.7                      1.781671                 
6.71                     1.7822586                
6.72                     1.7828463                
6.73                     1.7834343                
6.74                     1.7840225                
6.75                     1.7846107                
6.76                     1.7851993                
6.77                     1.785788                 
6.78                     1.786377                 
6.79                     1.786966                 
6.8                      1.7875553                
6.81                     1.7881448                
6.82                     1.7887344                
6.83                     1.7893243                
6.84                     1.7899144                
6.85                     1.7905046                
6.86                     1.791095                 
6.87                     1.7916857                
6.88                     1.7922765                
6.89                     1.7928674                
6.9                      1.7934587                
6.91                     1.7940501                
6.92                     1.7946416                
6.93                     1.7952334                
6.94                     1.7958254                
6.95                     1.7964175                
6.96                     1.7970098                
6.97                     1.7976024                
6.98                     1.7981951                
6.99                     1.7987881                
7.0                      1.7993811                
7.01                     1.7999744                
7.02                     1.800568                 
7.03                     1.8011616                
7.04                     1.8017555                
7.05                     1.8023496                
7.06                     1.8029438                
7.07                     1.8035382                
7.08                     1.8041329                
7.09                     1.8047277                
7.1                      1.8053228                
7.11                     1.805918                 
7.12                     1.8065133                
7.13                     1.8071089                
7.14                     1.8077047                
7.15                     1.8083007                
7.16                     1.8088969                
7.17                     1.8094932                
7.18                     1.8100897                
7.19                     1.8106865                
7.2                      1.8112833                
7.21                     1.8118805                
7.22                     1.8124778                
7.23                     1.8130753                
7.24                     1.813673                 
7.25                     1.8142709                
7.26                     1.8148689                
7.27                     1.8154672                
7.28                     1.8160659                
7.29                     1.8166647                
7.3                      1.8172637                
7.31                     1.817863                 
7.32                     1.8184624                
7.33                     1.819062                 
7.34                     1.8196619                
7.35                     1.8202618                
7.36                     1.820862                 
7.37                     1.8214624                
7.38                     1.8220631                
7.39                     1.8226638                
7.4                      1.8232648                
7.41                     1.823866                 
7.42                     1.8244674                
7.43                     1.825069                 
7.44                     1.8256707                
7.45                     1.8262727                
7.46                     1.8268749                
7.47                     1.8274772                
7.48                     1.8280798                
7.49                     1.8286827                
7.5                      1.8292856                
7.51                     1.8298887                
7.52                     1.8304921                
7.53                     1.8310957                
7.54                     1.8316994                
7.55                     1.8323033                
7.56                     1.8329074                
7.57                     1.8335118                
7.58                     1.8341163                
7.59                     1.8347211                
7.6                      1.8353261                
7.61                     1.8359312                
7.62                     1.8365365                
7.63                     1.8371421                
7.64                     1.8377478                
7.65                     1.8383538                
7.66                     1.8389598                
7.67                     1.8395662                
7.68                     1.8401726                
7.69                     1.8407794                
7.7                      1.8413863                
7.71                     1.8419935                
7.72                     1.8426008                
7.73                     1.8432083                
7.74                     1.843816                 
7.75                     1.8444239                
7.76                     1.845032                 
7.77                     1.8456403                
7.78                     1.8462489                
7.79                     1.8468575                
7.8                      1.8474665                
7.81                     1.8480756                
7.82                     1.8486849                
7.83                     1.8492944                
7.84                     1.8499041                
7.85                     1.8505139                
7.86                     1.851124                 
7.87                     1.8517344                
7.88                     1.8523449                
7.89                     1.8529556                
7.9                      1.8535665                
7.91                     1.8541776                
7.92                     1.8547889                
7.93                     1.8554004                
7.94                     1.8560121                
7.95                     1.856624                 
7.96                     1.857236                 
7.97                     1.8578484                
7.98                     1.8584609                
7.99                     1.8590735                
8.0                      1.8596865                
8.01                     1.8602996                
8.02                     1.8609128                
8.03                     1.8615264                
8.04                     1.86214                  
8.05                     1.862754                 
8.06                     1.863368                 
8.07                     1.8639823                
8.08                     1.8645968                
8.09                     1.8652115                
8.1                      1.8658265                
8.11                     1.8664415                
8.12                     1.8670568                
8.13                     1.8676723                
8.14                     1.868288                 
8.15                     1.868904                 
8.16                     1.8695201                
8.17                     1.8701364                
8.18                     1.8707528                
8.19                     1.8713696                
8.2                      1.8719865                
8.21                     1.8726035                
8.22                     1.8732209                
8.23                     1.8738384                
8.24                     1.874456                 
8.25                     1.875074                 
8.26                     1.8756921                
8.27                     1.8763105                
8.28                     1.876929                 
8.29                     1.8775479                
8.3                      1.8781668                
8.31                     1.878786                 
8.32                     1.8794054                
8.33                     1.880025                 
8.34                     1.8806448                
8.35                     1.8812648                
8.36                     1.881885                 
8.37                     1.8825054                
8.38                     1.883126                 
8.39                     1.8837469                
8.4                      1.884368                 
8.41                     1.8849891                
8.42                     1.8856106                
8.43                     1.8862323                
8.44                     1.886854                 
8.45                     1.8874761                
8.46                     1.8880984                
8.47                     1.8887209                
8.48                     1.8893435                
8.49                     1.8899664                
8.5                      1.8905895                
8.51                     1.8912127                
8.52                     1.8918362                
8.53                     1.8924599                
8.54                     1.8930838                
8.55                     1.8937079                
8.56                     1.8943322                
8.57                     1.8949567                
8.58                     1.8955814                
8.59                     1.8962064                
8.6                      1.8968315                
8.61                     1.8974568                
8.62                     1.8980824                
8.63                     1.8987081                
8.64                     1.8993341                
8.65                     1.8999602                
8.66                     1.9005865                
8.67                     1.901213                 
8.68                     1.9018399                
8.69                     1.9024669                
8.7                      1.903094                 
8.71                     1.9037215                
8.72                     1.9043491                
8.73                     1.9049768                
8.74                     1.9056048                
8.75                     1.9062331                
8.76                     1.9068615                
8.77                     1.9074901                
8.78                     1.908119                 
8.79                     1.908748                 
8.8                      1.9093773                
8.81                     1.9100068                
8.82                     1.9106364                
8.83                     1.9112663                
8.84                     1.9118963                
8.85                     1.9125266                
8.86                     1.9131571                
8.87                     1.9137878                
8.88                     1.9144188                
8.89                     1.9150499                
8.9                      1.9156812                
8.91                     1.9163128                
8.92                     1.9169445                
8.93                     1.9175764                
8.94                     1.9182086                
8.95                     1.918841                 
8.96                     1.9194735                
8.97                     1.9201063                
8.98                     1.9207393                
8.99                     1.9213725                
9.0                      1.9220059                
9.01                     1.9226396                
9.02                     1.9232734                
9.03                     1.9239074                
9.04                     1.9245417                
9.05                     1.9251761                
9.06                     1.9258108                
9.07                     1.9264456                
9.08                     1.9270808                
9.09                     1.927716                 
9.1                      1.9283515                
9.11                     1.9289873                
9.12                     1.9296231                
9.13                     1.9302592                
9.14                     1.9308956                
9.15                     1.9315321                
9.16                     1.932169                 
9.17                     1.9328059                
9.18                     1.9334431                
9.19                     1.9340805                
9.2                      1.934718                 
9.21                     1.9353558                
9.22                     1.9359939                
9.23                     1.936632                 
9.24                     1.9372705                
9.25                     1.9379091                
9.26                     1.938548                 
9.27                     1.939187                 
9.28                     1.9398264                
9.29                     1.9404658                
9.3                      1.9411055                
9.31                     1.9417454                
9.32                     1.9423856                
9.33                     1.9430258                
9.34                     1.9436663                
9.35                     1.9443071                
9.36                     1.9449481                
9.37                     1.9455893                
9.38                     1.9462306                
9.39                     1.9468722                
9.4                      1.947514                 
9.41                     1.948156                 
9.42                     1.9487983                
9.43                     1.9494407                
9.44                     1.9500834                
9.45                     1.9507262                
9.46                     1.9513693                
9.47                     1.9520125                
9.48                     1.952656                 
9.49                     1.9532998                
9.5                      1.9539436                
9.51                     1.9545878                
9.52                     1.9552321                
9.53                     1.9558767                
9.54                     1.9565214                
9.55                     1.9571664                
9.56                     1.9578116                
9.57                     1.958457                 
9.58                     1.9591026                
9.59                     1.9597484                
9.6                      1.9603945                
9.61                     1.9610407                
9.62                     1.9616872                
9.63                     1.9623339                
9.64                     1.9629807                
9.65                     1.9636278                
9.66                     1.9642751                
9.67                     1.9649227                
9.68                     1.9655704                
9.69                     1.9662184                
9.7                      1.9668666                
9.71                     1.967515                 
9.72                     1.9681635                
9.73                     1.9688123                
9.74                     1.9694613                
9.75                     1.9701105                
9.76                     1.97076                  
9.77                     1.9714097                
9.78                     1.9720596                
9.79                     1.9727097                
9.8                      1.97336                  
9.81                     1.9740105                
9.82                     1.9746612                
9.83                     1.9753121                
9.84                     1.9759634                
9.85                     1.9766147                
9.86                     1.9772663                
9.87                     1.9779181                
9.88                     1.9785701                
9.89                     1.9792223                
9.9                      1.9798747                
9.91                     1.9805274                
9.92                     1.9811803                
9.93                     1.9818335                
9.94                     1.9824867                
9.95                     1.9831402                
9.96                     1.983794                 
9.97                     1.984448                 
9.98                     1.985102                 
9.99                     1.9857565                
10.0                     1.9864111                
