% x                      
0.0                      1.0                      
0.01                     1.4253021                
0.02                     1.4323876                
0.03                     1.4348489                
0.04                     1.4372578                
0.05                     1.4396532                
0.06                     1.4420336                
0.07                     1.4443972                
0.08                     1.4467435                
0.09                     1.4490731                
0.1                      1.4513862                
0.11                     1.4536828                
0.12                     1.455964                 
0.13                     1.4582295                
0.14                     1.4604795                
0.15                     1.4627153                
0.16                     1.4649363                
0.17                     1.4671429                
0.18                     1.4693362                
0.19                     1.4715154                
0.2                      1.4736814                
0.21                     1.4758346                
0.22                     1.477975                 
0.23                     1.4801029                
0.24                     1.4822185                
0.25                     1.4843223                
0.26                     1.4864146                
0.27                     1.4884956                
0.28                     1.4905655                
0.29                     1.4926246                
0.3                      1.4946735                
0.31                     1.4967116                
0.32                     1.4987396                
0.33                     1.5007578                
0.34                     1.5027664                
0.35                     1.5047656                
0.36                     1.5067557                
0.37                     1.508737                 
0.38                     1.510709                 
0.39                     1.5126723                
0.4                      1.5146271                
0.41                     1.5165735                
0.42                     1.518512                 
0.43                     1.5204426                
0.44                     1.5223656                
0.45                     1.5242809                
0.46                     1.5261885                
0.47                     1.5280889                
0.48                     1.5299822                
0.49                     1.5318687                
0.5                      1.5337484                
0.51                     1.5356216                
0.52                     1.5374883                
0.53                     1.5393482                
0.54                     1.5412018                
0.55                     1.5430493                
0.56                     1.5448908                
0.57                     1.5467265                
0.58                     1.5485563                
0.59                     1.5503808                
0.6                      1.5521994                
0.61                     1.5540124                
0.62                     1.5558202                
0.63                     1.5576228                
0.64                     1.5594202                
0.65                     1.5612129                
0.66                     1.5630006                
0.67                     1.5647835                
0.68                     1.5665615                
0.69                     1.5683349                
0.7                      1.5701039                
0.71                     1.5718684                
0.72                     1.5736287                
0.73                     1.5753846                
0.74                     1.5771363                
0.75                     1.5788839                
0.76                     1.5806273                
0.77                     1.5823668                
0.78                     1.5841024                
0.79                     1.585834                 
0.8                      1.587562                 
0.81                     1.5892861                
0.82                     1.5910066                
0.83                     1.5927236                
0.84                     1.594437                 
0.85                     1.5961471                
0.86                     1.5978535                
0.87                     1.5995567                
0.88                     1.6012566                
0.89                     1.6029532                
0.9                      1.6046468                
0.91                     1.6063372                
0.92                     1.6080245                
0.93                     1.6097088                
0.94                     1.6113902                
0.95                     1.6130687                
0.96                     1.6147443                
0.97                     1.6164172                
0.98                     1.6180872                
0.99                     1.6197546                
1.0                      1.6214193                
1.01                     1.6230814                
1.02                     1.6247411                
1.03                     1.6263982                
1.04                     1.6280528                
1.05                     1.629705                 
1.06                     1.6313548                
1.07                     1.6330023                
1.08                     1.6346475                
1.09                     1.6362903                
1.1                      1.637931                 
1.11                     1.6395695                
1.12                     1.6412059                
1.13                     1.6428401                
1.14                     1.6444724                
1.15                     1.6461024                
1.16                     1.6477306                
1.17                     1.6493567                
1.18                     1.650981                 
1.19                     1.6526033                
1.2                      1.6542237                
1.21                     1.6558423                
1.22                     1.6574591                
1.23                     1.6590742                
1.24                     1.6606876                
1.25                     1.6622992                
1.26                     1.663909                 
1.27                     1.6655172                
1.28                     1.6671238                
1.29                     1.6687287                
1.3                      1.6703321                
1.31                     1.6719338                
1.32                     1.673534                 
1.33                     1.6751329                
1.34                     1.6767302                
1.35                     1.678326                 
1.36                     1.6799204                
1.37                     1.6815134                
1.38                     1.683105                 
1.39                     1.6846952                
1.4                      1.6862842                
1.41                     1.6878717                
1.42                     1.6894579                
1.43                     1.6910429                
1.44                     1.6926265                
1.45                     1.6942089                
1.46                     1.69579                  
1.47                     1.69737                  
1.48                     1.698949                 
1.49                     1.7005266                
1.5                      1.7021033                
1.51                     1.7036786                
1.52                     1.705253                 
1.53                     1.7068262                
1.54                     1.7083983                
1.55                     1.7099695                
1.56                     1.7115395                
1.57                     1.7131085                
1.58                     1.7146766                
1.59                     1.7162436                
1.6                      1.7178096                
1.61                     1.7193747                
1.62                     1.7209389                
1.63                     1.7225022                
1.64                     1.7240646                
1.65                     1.7256261                
1.66                     1.7271867                
1.67                     1.7287464                
1.68                     1.7303053                
1.69                     1.7318634                
1.7                      1.7334206                
1.71                     1.7349771                
1.72                     1.7365328                
1.73                     1.7380877                
1.74                     1.7396417                
1.75                     1.7411951                
1.76                     1.7427477                
1.77                     1.7442997                
1.78                     1.7458508                
1.79                     1.7474014                
1.8                      1.7489512                
1.81                     1.7505003                
1.82                     1.7520489                
1.83                     1.7535968                
1.84                     1.755144                 
1.85                     1.7566905                
1.86                     1.7582365                
1.87                     1.759782                 
1.88                     1.7613267                
1.89                     1.7628709                
1.9                      1.7644145                
1.91                     1.7659576                
1.92                     1.7675002                
1.93                     1.7690421                
1.94                     1.7705836                
1.95                     1.7721245                
1.96                     1.7736651                
1.97                     1.775205                 
1.98                     1.7767445                
1.99                     1.7782835                
2.0                      1.779822                 
2.01                     1.78136                  
2.02                     1.7828977                
2.03                     1.7844349                
2.04                     1.7859716                
2.05                     1.787508                 
2.06                     1.7890439                
2.07                     1.7905794                
2.08                     1.7921146                
2.09                     1.7936493                
2.1                      1.7951837                
2.11                     1.7967176                
2.12                     1.7982514                
2.13                     1.7997847                
2.14                     1.8013176                
2.15                     1.8028502                
2.16                     1.8043826                
2.17                     1.8059145                
2.18                     1.8074461                
2.19                     1.8089775                
2.2                      1.8105086                
2.21                     1.8120394                
2.22                     1.8135698                
2.23                     1.8151001                
2.24                     1.81663                  
2.25                     1.8181597                
2.26                     1.8196892                
2.27                     1.8212183                
2.28                     1.8227472                
2.29                     1.824276                 
2.3                      1.8258045                
2.31                     1.8273327                
2.32                     1.8288608                
2.33                     1.8303887                
2.34                     1.8319163                
2.35                     1.8334438                
2.36                     1.8349711                
2.37                     1.8364981                
2.38                     1.838025                 
2.39                     1.8395518                
2.4                      1.8410784                
2.41                     1.8426048                
2.42                     1.8441311                
2.43                     1.8456572                
2.44                     1.8471832                
2.45                     1.848709                 
2.46                     1.8502347                
2.47                     1.8517604                
2.48                     1.8532859                
2.49                     1.8548113                
2.5                      1.8563366                
2.51                     1.8578618                
2.52                     1.8593869                
2.53                     1.860912                 
2.54                     1.8624369                
2.55                     1.8639617                
2.56                     1.8654865                
2.57                     1.8670113                
2.58                     1.868536                 
2.59                     1.8700606                
2.6                      1.8715851                
2.61                     1.8731097                
2.62                     1.8746343                
2.63                     1.8761587                
2.64                     1.8776832                
2.65                     1.8792076                
2.66                     1.880732                 
2.67                     1.8822564                
2.68                     1.8837808                
2.69                     1.8853053                
2.7                      1.8868297                
2.71                     1.8883542                
2.72                     1.8898786                
2.73                     1.8914031                
2.74                     1.8929276                
2.75                     1.8944522                
2.76                     1.8959768                
2.77                     1.8975013                
2.78                     1.899026                 
2.79                     1.9005506                
2.8                      1.9020753                
2.81                     1.9036                   
2.82                     1.9051248                
2.83                     1.9066496                
2.84                     1.9081745                
2.85                     1.9096994                
2.86                     1.9112245                
2.87                     1.9127496                
2.88                     1.9142748                
2.89                     1.9158001                
2.9                      1.9173254                
2.91                     1.9188509                
2.92                     1.9203764                
2.93                     1.9219021                
2.94                     1.9234277                
2.95                     1.9249536                
2.96                     1.9264796                
2.97                     1.9280056                
2.98                     1.9295318                
2.99                     1.931058                 
3.0                      1.9325845                
3.01                     1.9341111                
3.02                     1.9356377                
3.03                     1.9371645                
3.04                     1.9386915                
3.05                     1.9402187                
3.06                     1.9417459                
3.07                     1.9432733                
3.08                     1.9448009                
3.09                     1.9463285                
3.1                      1.9478564                
3.11                     1.9493845                
3.12                     1.9509127                
3.13                     1.9524411                
3.14                     1.9539696                
3.15                     1.9554983                
3.16                     1.9570272                
3.17                     1.9585563                
3.18                     1.9600856                
3.19                     1.961615                 
3.2                      1.9631447                
3.21                     1.9646745                
3.22                     1.9662045                
3.23                     1.9677347                
3.24                     1.9692651                
3.25                     1.9707958                
3.26                     1.9723266                
3.27                     1.9738576                
3.28                     1.9753889                
3.29                     1.9769202                
3.3                      1.978452                 
3.31                     1.9799838                
3.32                     1.981516                 
3.33                     1.9830483                
3.34                     1.9845809                
3.35                     1.9861137                
3.36                     1.9876467                
3.37                     1.98918                  
3.38                     1.9907135                
3.39                     1.9922473                
3.4                      1.9937813                
3.41                     1.9953156                
3.42                     1.9968501                
3.43                     1.9983848                
3.44                     1.9999199                
3.45                     2.001455                 
3.46                     2.0029907                
3.47                     2.0045264                
3.48                     2.0060625                
3.49                     2.0075989                
3.5                      2.0091355                
3.51                     2.0106723                
3.52                     2.0122094                
3.53                     2.0137467                
3.54                     2.0152845                
3.55                     2.0168226                
3.56                     2.0183606                
3.57                     2.0198991                
3.58                     2.0214381                
3.59                     2.022977                 
3.6                      2.0245163                
3.61                     2.026056                 
3.62                     2.027596                 
3.63                     2.0291362                
3.64                     2.0306768                
3.65                     2.0322177                
3.66                     2.0337589                
3.67                     2.0353005                
3.68                     2.036842                 
3.69                     2.0383844                
3.7                      2.0399268                
3.71                     2.0414696                
3.72                     2.0430126                
3.73                     2.044556                 
3.74                     2.0460997                
3.75                     2.0476437                
3.76                     2.0491881                
3.77                     2.0507329                
3.78                     2.0522778                
3.79                     2.0538232                
3.8                      2.055369                 
3.81                     2.0569148                
3.82                     2.0584612                
3.83                     2.0600078                
3.84                     2.061555                 
3.85                     2.0631022                
3.86                     2.06465                  
3.87                     2.066198                 
3.88                     2.0677464                
3.89                     2.0692952                
3.9                      2.0708442                
3.91                     2.0723937                
3.92                     2.0739436                
3.93                     2.0754936                
3.94                     2.0770442                
3.95                     2.0785952                
3.96                     2.0801466                
3.97                     2.0816982                
3.98                     2.08325                  
3.99                     2.0848026                
4.0                      2.0863552                
4.01                     2.0879085                
4.02                     2.089462                 
4.03                     2.0910158                
4.04                     2.09257                  
4.05                     2.0941248                
4.06                     2.0956798                
4.07                     2.0972352                
4.08                     2.098791                 
4.09                     2.1003473                
4.1                      2.1019037                
4.11                     2.1034608                
4.12                     2.1050181                
4.13                     2.1065757                
4.14                     2.108134                 
4.15                     2.1096926                
4.16                     2.1112516                
4.17                     2.1128109                
4.18                     2.1143706                
4.19                     2.1159308                
4.2                      2.1174912                
4.21                     2.1190522                
4.22                     2.1206136                
4.23                     2.1221755                
4.24                     2.1237376                
4.25                     2.1253002                
4.26                     2.1268632                
4.27                     2.1284268                
4.28                     2.1299906                
4.29                     2.131555                 
4.3                      2.1331196                
4.31                     2.1346848                
4.32                     2.1362505                
4.33                     2.1378164                
4.34                     2.1393828                
4.35                     2.1409497                
4.36                     2.142517                 
4.37                     2.1440847                
4.38                     2.145653                 
4.39                     2.1472216                
4.4                      2.1487906                
4.41                     2.15036                  
4.42                     2.1519299                
4.43                     2.1535003                
4.44                     2.155071                 
4.45                     2.1566424                
4.46                     2.158214                 
4.47                     2.1597862                
4.48                     2.1613588                
4.49                     2.162932                 
4.5                      2.1645052                
4.51                     2.1660793                
4.52                     2.1676538                
4.53                     2.1692286                
4.54                     2.1708038                
4.55                     2.1723797                
4.56                     2.173956                 
4.57                     2.1755326                
4.58                     2.1771097                
4.59                     2.1786873                
4.6                      2.1802654                
4.61                     2.181844                 
4.62                     2.183423                 
4.63                     2.1850026                
4.64                     2.1865826                
4.65                     2.1881628                
4.66                     2.1897438                
4.67                     2.1913252                
4.68                     2.192907                 
4.69                     2.1944892                
4.7                      2.196072                 
4.71                     2.1976554                
4.72                     2.1992393                
4.73                     2.2008235                
4.74                     2.202408                 
4.75                     2.2039933                
4.76                     2.205579                 
4.77                     2.2071652                
4.78                     2.208752                 
4.79                     2.210339                 
4.8                      2.2119267                
4.81                     2.2135148                
4.82                     2.2151034                
4.83                     2.2166927                
4.84                     2.2182822                
4.85                     2.2198725                
4.86                     2.221463                 
4.87                     2.2230542                
4.88                     2.2246456                
4.89                     2.2262378                
4.9                      2.2278304                
4.91                     2.2294235                
4.92                     2.231017                 
4.93                     2.2326114                
4.94                     2.234206                 
4.95                     2.235801                 
4.96                     2.2373967                
4.97                     2.238993                 
4.98                     2.2405896                
4.99                     2.2421868                
5.0                      2.2437844                
5.01                     2.2453825                
5.02                     2.2469814                
5.03                     2.2485805                
5.04                     2.2501802                
5.05                     2.2517805                
5.06                     2.2533813                
5.07                     2.2549825                
5.08                     2.2565844                
5.09                     2.2581866                
5.1                      2.2597895                
5.11                     2.2613928                
5.12                     2.2629967                
5.13                     2.2646012                
5.14                     2.266206                 
5.15                     2.2678115                
5.16                     2.2694175                
5.17                     2.271024                 
5.18                     2.2726312                
5.19                     2.2742386                
5.2                      2.2758467                
5.21                     2.2774553                
5.22                     2.2790644                
5.23                     2.2806742                
5.24                     2.2822845                
5.25                     2.283895                 
5.26                     2.2855065                
5.27                     2.2871182                
5.28                     2.2887306                
5.29                     2.2903435                
5.3                      2.291957                 
5.31                     2.2935708                
5.32                     2.2951853                
5.33                     2.2968004                
5.34                     2.298416                 
5.35                     2.300032                 
5.36                     2.3016486                
5.37                     2.3032658                
5.38                     2.3048835                
5.39                     2.3065019                
5.4                      2.308121                 
5.41                     2.3097403                
5.42                     2.3113604                
5.43                     2.3129811                
5.44                     2.3146024                
5.45                     2.316224                 
5.46                     2.3178463                
5.47                     2.3194692                
5.48                     2.3210926                
5.49                     2.3227165                
5.5                      2.324341                 
5.51                     2.3259661                
5.52                     2.327592                 
5.53                     2.3292181                
5.54                     2.3308449                
5.55                     2.3324723                
5.56                     2.3341002                
5.57                     2.3357286                
5.58                     2.3373578                
5.59                     2.3389874                
5.6                      2.3406177                
5.61                     2.3422484                
5.62                     2.3438797                
5.63                     2.3455117                
5.64                     2.3471441                
5.65                     2.3487773                
5.66                     2.3504107                
5.67                     2.352045                 
5.68                     2.35368                  
5.69                     2.3553152                
5.7                      2.356951                 
5.71                     2.3585877                
5.72                     2.3602247                
5.73                     2.3618624                
5.74                     2.3635006                
5.75                     2.3651395                
5.76                     2.3667789                
5.77                     2.368419                 
5.78                     2.3700595                
5.79                     2.3717008                
5.8                      2.3733425                
5.81                     2.3749847                
5.82                     2.3766277                
5.83                     2.3782713                
5.84                     2.3799152                
5.85                     2.38156                  
5.86                     2.3832054                
5.87                     2.3848512                
5.88                     2.3864977                
5.89                     2.3881447                
5.9                      2.3897924                
5.91                     2.3914406                
5.92                     2.3930893                
5.93                     2.394739                 
5.94                     2.3963888                
5.95                     2.3980393                
5.96                     2.3996906                
5.97                     2.4013426                
5.98                     2.402995                 
5.99                     2.404648                 
6.0                      2.406302                 
6.01                     2.4079561                
6.02                     2.4096112                
6.03                     2.4112668                
6.04                     2.4129229                
6.05                     2.4145796                
6.06                     2.416237                 
6.07                     2.417895                 
6.08                     2.4195538                
6.09                     2.421213                 
6.1                      2.4228728                
6.11                     2.4245331                
6.12                     2.4261942                
6.13                     2.427856                 
6.14                     2.4295182                
6.15                     2.4311812                
6.16                     2.4328446                
6.17                     2.4345088                
6.18                     2.4361734                
6.19                     2.437839                 
6.2                      2.4395049                
6.21                     2.4411716                
6.22                     2.442839                 
6.23                     2.4445066                
6.24                     2.4461753                
6.25                     2.4478443                
6.26                     2.4495142                
6.27                     2.4511845                
6.28                     2.4528556                
6.29                     2.4545271                
6.3                      2.4561994                
6.31                     2.4578724                
6.32                     2.4595459                
6.33                     2.46122                  
6.34                     2.462895                 
6.35                     2.4645703                
6.36                     2.4662464                
6.37                     2.467923                 
6.38                     2.4696004                
6.39                     2.4712782                
6.4                      2.472957                 
6.41                     2.474636                 
6.42                     2.476316                 
6.43                     2.4779966                
6.44                     2.4796777                
6.45                     2.4813595                
6.46                     2.483042                 
6.47                     2.484725                 
6.48                     2.4864087                
6.49                     2.4880931                
6.5                      2.489778                 
6.51                     2.4914637                
6.52                     2.49315                  
6.53                     2.494837                 
6.54                     2.4965246                
6.55                     2.4982128                
6.56                     2.4999018                
6.57                     2.5015914                
6.58                     2.5032816                
6.59                     2.5049725                
6.6                      2.506664                 
6.61                     2.5083563                
6.62                     2.510049                 
6.63                     2.5117426                
6.64                     2.5134368                
6.65                     2.5151317                
6.66                     2.516827                 
6.67                     2.5185235                
6.68                     2.5202203                
6.69                     2.5219178                
6.7                      2.5236158                
6.71                     2.5253146                
6.72                     2.5270143                
6.73                     2.5287142                
6.74                     2.530415                 
6.75                     2.5321167                
6.76                     2.5338187                
6.77                     2.5355215                
6.78                     2.537225                 
6.79                     2.5389292                
6.8                      2.540634                 
6.81                     2.5423393                
6.82                     2.5440457                
6.83                     2.5457525                
6.84                     2.5474598                
6.85                     2.549168                 
6.86                     2.5508769                
6.87                     2.5525866                
6.88                     2.5542967                
6.89                     2.5560076                
6.9                      2.5577192                
6.91                     2.5594313                
6.92                     2.5611444                
6.93                     2.5628579                
6.94                     2.564572                 
6.95                     2.566287                 
6.96                     2.5680027                
6.97                     2.569719                 
6.98                     2.571436                 
6.99                     2.5731537                
7.0                      2.574872                 
7.01                     2.5765913                
7.02                     2.578311                 
7.03                     2.5800314                
7.04                     2.5817525                
7.05                     2.5834742                
7.06                     2.5851967                
7.07                     2.58692                  
7.08                     2.5886438                
7.09                     2.5903683                
7.1                      2.5920937                
7.11                     2.5938196                
7.12                     2.5955462                
7.13                     2.5972736                
7.14                     2.5990016                
7.15                     2.6007304                
7.16                     2.60246                  
7.17                     2.6041899                
7.18                     2.6059208                
7.19                     2.6076524                
7.2                      2.6093845                
7.21                     2.6111176                
7.22                     2.6128511                
7.23                     2.6145856                
7.24                     2.6163206                
7.25                     2.6180563                
7.26                     2.619793                 
7.27                     2.62153                  
7.28                     2.623268                 
7.29                     2.6250064                
7.3                      2.6267457                
7.31                     2.6284857                
7.32                     2.6302264                
7.33                     2.6319678                
7.34                     2.63371                  
7.35                     2.6354527                
7.36                     2.6371963                
7.37                     2.6389406                
7.38                     2.6406856                
7.39                     2.6424313                
7.4                      2.6441777                
7.41                     2.6459248                
7.42                     2.6476727                
7.43                     2.6494212                
7.44                     2.6511705                
7.45                     2.6529205                
7.46                     2.6546712                
7.47                     2.6564226                
7.48                     2.658175                 
7.49                     2.6599278                
7.5                      2.6616814                
7.51                     2.6634357                
7.52                     2.6651907                
7.53                     2.6669464                
7.54                     2.668703                 
7.55                     2.6704602                
7.56                     2.672218                 
7.57                     2.673977                 
7.58                     2.6757362                
7.59                     2.6774964                
7.6                      2.6792572                
7.61                     2.6810188                
7.62                     2.6827812                
7.63                     2.6845443                
7.64                     2.686308                 
7.65                     2.6880724                
7.66                     2.6898377                
7.67                     2.6916037                
7.68                     2.6933706                
7.69                     2.695138                 
7.7                      2.696906                 
7.71                     2.6986752                
7.72                     2.7004447                
7.73                     2.7022152                
7.74                     2.7039864                
7.75                     2.7057583                
7.76                     2.707531                 
7.77                     2.7093043                
7.78                     2.7110784                
7.79                     2.7128532                
7.8                      2.714629                 
7.81                     2.7164054                
7.82                     2.7181823                
7.83                     2.7199602                
7.84                     2.7217388                
7.85                     2.7235181                
7.86                     2.7252984                
7.87                     2.7270792                
7.88                     2.7288609                
7.89                     2.730643                 
7.9                      2.7324262                
7.91                     2.73421                  
7.92                     2.7359946                
7.93                     2.73778                  
7.94                     2.739566                 
7.95                     2.741353                 
7.96                     2.7431407                
7.97                     2.744929                 
7.98                     2.7467182                
7.99                     2.748508                 
8.0                      2.7502987                
8.01                     2.7520902                
8.02                     2.7538824                
8.03                     2.7556753                
8.04                     2.757469                 
8.05                     2.7592635                
8.06                     2.7610586                
8.07                     2.7628546                
8.08                     2.7646513                
8.09                     2.766449                 
8.1                      2.7682471                
8.11                     2.7700462                
8.12                     2.771846                 
8.13                     2.7736466                
8.14                     2.775448                 
8.15                     2.77725                  
8.16                     2.779053                 
8.17                     2.7808566                
8.18                     2.7826612                
8.19                     2.7844663                
8.2                      2.7862723                
8.21                     2.788079                 
8.22                     2.7898865                
8.23                     2.7916949                
8.24                     2.793504                 
8.25                     2.7953138                
8.26                     2.7971244                
8.27                     2.798936                 
8.28                     2.800748                 
8.29                     2.802561                 
8.3                      2.8043747                
8.31                     2.8061893                
8.32                     2.8080046                
8.33                     2.8098207                
8.34                     2.8116374                
8.35                     2.813455                 
8.36                     2.8152735                
8.37                     2.8170927                
8.38                     2.8189127                
8.39                     2.8207335                
8.4                      2.822555                 
8.41                     2.8243775                
8.42                     2.8262007                
8.43                     2.8280246                
8.44                     2.8298492                
8.45                     2.8316748                
8.46                     2.833501                 
8.47                     2.835328                 
8.48                     2.837156                 
8.49                     2.8389847                
8.5                      2.840814                 
8.51                     2.8426445                
8.52                     2.8444755                
8.53                     2.8463075                
8.54                     2.84814                  
8.55                     2.8499734                
8.56                     2.8518078                
8.57                     2.8536427                
8.58                     2.8554785                
8.59                     2.8573153                
8.6                      2.8591528                
8.61                     2.860991                 
8.62                     2.86283                  
8.63                     2.8646698                
8.64                     2.8665104                
8.65                     2.868352                 
8.66                     2.8701942                
8.67                     2.8720372                
8.68                     2.873881                 
8.69                     2.8757257                
8.7                      2.877571                 
8.71                     2.8794174                
8.72                     2.8812647                
8.73                     2.8831124                
8.74                     2.8849614                
8.75                     2.8868108                
8.76                     2.8886611                
8.77                     2.8905125                
8.78                     2.8923643                
8.79                     2.8942173                
8.8                      2.8960707                
8.81                     2.8979251                
8.82                     2.8997805                
8.83                     2.9016364                
8.84                     2.9034934                
8.85                     2.905351                 
8.86                     2.9072096                
8.87                     2.9090688                
8.88                     2.910929                 
8.89                     2.91279                  
8.9                      2.9146519                
8.91                     2.9165144                
8.92                     2.9183779                
8.93                     2.920242                 
8.94                     2.9221072                
8.95                     2.923973                 
8.96                     2.92584                  
8.97                     2.9277074                
8.98                     2.9295757                
8.99                     2.931445                 
9.0                      2.933315                 
9.01                     2.935186                 
9.02                     2.9370575                
9.03                     2.93893                  
9.04                     2.9408035                
9.05                     2.9426777                
9.06                     2.9445527                
9.07                     2.9464285                
9.08                     2.9483051                
9.09                     2.9501827                
9.1                      2.9520612                
9.11                     2.9539404                
9.12                     2.9558203                
9.13                     2.9577012                
9.14                     2.9595828                
9.15                     2.9614654                
9.16                     2.9633489                
9.17                     2.965233                 
9.18                     2.967118                 
9.19                     2.969004                 
9.2                      2.9708908                
9.21                     2.9727783                
9.22                     2.9746666                
9.23                     2.976556                 
9.24                     2.978446                 
9.25                     2.9803371                
9.26                     2.9822288                
9.27                     2.9841216                
9.28                     2.9860148                
9.29                     2.9879093                
9.3                      2.9898045                
9.31                     2.9917004                
9.32                     2.9935975                
9.33                     2.995495                 
9.34                     2.9973936                
9.35                     2.999293                 
9.36                     3.0011935                
9.37                     3.0030947                
9.38                     3.0049965                
9.39                     3.0068994                
9.4                      3.0088031                
9.41                     3.0107076                
9.42                     3.012613                 
9.43                     3.0145195                
9.44                     3.0164266                
9.45                     3.0183344                
9.46                     3.0202434                
9.47                     3.022153                 
9.48                     3.0240636                
9.49                     3.025975                 
9.5                      3.0278873                
9.51                     3.0298004                
9.52                     3.0317144                
9.53                     3.0336294                
9.54                     3.035545                 
9.55                     3.0374615                
9.56                     3.0393791                
9.57                     3.0412974                
9.58                     3.0432167                
9.59                     3.0451367                
9.6                      3.0470576                
9.61                     3.0489793                
9.62                     3.0509021                
9.63                     3.0528257                
9.64                     3.05475                  
9.65                     3.0566752                
9.66                     3.0586014                
9.67                     3.0605285                
9.68                     3.0624564                
9.69                     3.0643852                
9.7                      3.0663147                
9.71                     3.0682452                
9.72                     3.0701766                
9.73                     3.072109                 
9.74                     3.074042                 
9.75                     3.0759761                
9.76                     3.0779111                
9.77                     3.0798469                
9.78                     3.0817835                
9.79                     3.0837212                
9.8                      3.0856597                
9.81                     3.087599                 
9.82                     3.0895393                
9.83                     3.0914803                
9.84                     3.0934224                
9.85                     3.0953653                
9.86                     3.0973089                
9.87                     3.0992537                
9.88                     3.1011992                
9.89                     3.1031456                
9.9                      3.1050928                
9.91                     3.1070411                
9.92                     3.1089902                
9.93                     3.11094                  
9.94                     3.112891                 
9.95                     3.1148427                
9.96                     3.1167953                
9.97                     3.118749                 
9.98                     3.1207035                
9.99                     3.1226587                
10.0                     3.124615                 
